0	(1, 1): 100000000.0	(2, 2): 100000000.0	(3, 3): 100000000.0
1	(1, 1): 100000000.0	(2, 2): 100000000.0	(3, 3): 100000000.0
2	(1, 1): 100000000.0	(2, 2): 100000000.0	(3, 3): 100000000.0
3	(1, 1): 100000000.0	(2, 2): 100000000.0	(3, 3): 100000000.0
4	(1, 1): 100000000.0	(2, 2): 100000000.0	(3, 3): 100000000.0
5	(1, 1): 100000000.0	(2, 2): 100000000.0	(3, 3): 100000000.0
6	(1, 1): 100000000.0	(2, 2): 100000000.0	(3, 3): 100000000.0
7	(1, 1): 100000000.0	(2, 2): 100000000.0	(3, 3): 100000000.0
8	(1, 1): 100000000.0	(2, 2): 100000000.0	(3, 3): 100000000.0
9	(1, 1): 100000000.0	(2, 2): 100000000.0	(3, 3): 100000000.0
10	(1, 1): 100000000.0	(2, 2): 100000000.0	(3, 3): 100000000.0
11	(1, 1): 100000000.0	(2, 2): 100000000.0	(3, 3): 100000000.0
12	(1, 1): 100000000.0	(2, 2): 100000000.0	(3, 3): 100000000.0
13	(1, 1): 100000000.0	(2, 2): 100000000.0	(3, 3): 100000000.0
14	(1, 1): 100000000.0	(2, 2): 100000000.0	(3, 3): 100000000.0
15	(1, 1): 100000000.0	(2, 2): 100000000.0	(3, 3): 100000000.0
16	(1, 1): 100000000.0	(2, 2): 100000000.0	(3, 3): 100000000.0
17	(1, 1): 100000000.0	(2, 2): 100000000.0	(3, 3): 100000000.0
18	(1, 1): 100000000.0	(2, 2): 100000000.0	(3, 3): 100000000.0
19	(1, 1): 100000000.0	(2, 2): 100000000.0	(3, 3): 100000000.0
20	(1, 1): 100000000.0	(2, 2): 100000000.0	(3, 3): 100000000.0
21	(1, 1): 100000000.0	(2, 2): 100000000.0	(3, 3): 100000000.0
22	(1, 1): 100000000.0	(2, 2): 100000000.0	(3, 3): 100000000.0
23	(1, 1): 100000000.0	(2, 2): 100000000.0	(3, 3): 100000000.0
24	(1, 1): 100000000.0	(2, 2): 100000000.0	(3, 3): 100000000.0
25	(1, 1): 100000000.0	(2, 2): 100000000.0	(3, 3): 100000000.0
26	(1, 1): 100000000.0	(2, 2): 100000000.0	(3, 3): 100000000.0
27	(1, 1): 100000000.0	(2, 2): 100000000.0	(3, 3): 100000000.0
28	(1, 1): 100000000.0	(2, 2): 100000000.0	(3, 3): 100000000.0
29	(1, 1): 100000000.0	(2, 2): 100000000.0	(3, 3): 100000000.0
30	(1, 1): 100000000.0	(2, 2): 100000000.0	(3, 3): 100000000.0
31	(1, 1): 100000000.0	(2, 2): 100000000.0	(3, 3): 100000000.0
32	(1, 1): 100000000.0	(2, 2): 100000000.0	(3, 3): 100000000.0
33	(1, 1): 100000000.0	(2, 2): 100000000.0	(3, 3): 100000000.0
34	(1, 1): 100000000.0	(2, 2): 100000000.0	(3, 3): 100000000.0
35	(1, 1): 100000000.0	(2, 2): 100000000.0	(3, 3): 100000000.0
36	(1, 1): 100000000.0	(2, 2): 100000000.0	(3, 3): 100000000.0
