0	(1, 1): 552248.199	(2, 2): 552248.199	(3, 3): 552248.199
1	(1, 1): 587669.753	(2, 2): 587669.753	(3, 3): 587669.753
2	(1, 1): 376351.355	(2, 2): 376351.355	(3, 3): 376351.355
3	(1, 1): 697512.218	(2, 2): 697512.218	(3, 3): 697512.218
4	(1, 1): 671413.391	(2, 2): 671413.391	(3, 3): 671413.391
5	(1, 1): 499833.521	(2, 2): 499833.521	(3, 3): 499833.521
6	(1, 1): 715208.68	(2, 2): 715208.68	(3, 3): 715208.68
7	(1, 1): 419976.433	(2, 2): 419976.433	(3, 3): 419976.433
8	(1, 1): 629923.195	(2, 2): 629923.195	(3, 3): 629923.195
9	(1, 1): 307413.826	(2, 2): 307413.826	(3, 3): 307413.826
10	(1, 1): 546558.96	(2, 2): 546558.96	(3, 3): 546558.96
