0	(1, 1): 1379122.48	(2, 2): 1379122.48	(3, 3): 1379122.48
1	(1, 1): 1307091.28	(2, 2): 1307091.28	(3, 3): 1307091.28
2	(1, 1): 1639464.77	(2, 2): 1639464.77	(3, 3): 1639464.77
3	(1, 1): 2492439.39	(2, 2): 2492439.39	(3, 3): 2492439.39
4	(1, 1): 1627076.68	(2, 2): 1627076.68	(3, 3): 1627076.68
5	(1, 1): 1106671.68	(2, 2): 1106671.68	(3, 3): 1106671.68
6	(1, 1): 1072045.16	(2, 2): 1072045.16	(3, 3): 1072045.16
7	(1, 1): 1190010.77	(2, 2): 1190010.77	(3, 3): 1190010.77
8	(1, 1): 1106831.96	(2, 2): 1106831.96	(3, 3): 1106831.96
9	(1, 1): 929394.631	(2, 2): 929394.631	(3, 3): 929394.631
10	(1, 1): 941875.095	(2, 2): 941875.095	(3, 3): 941875.095
11	(1, 1): 796692.256	(2, 2): 796692.256	(3, 3): 796692.256
12	(1, 1): 877662.455	(2, 2): 877662.455	(3, 3): 877662.455
13	(1, 1): 1106379.65	(2, 2): 1106379.65	(3, 3): 1106379.65
14	(1, 1): 1148231.76	(2, 2): 1148231.76	(3, 3): 1148231.76
15	(1, 1): 1327864.55	(2, 2): 1327864.55	(3, 3): 1327864.55
16	(1, 1): 2129492.3	(2, 2): 2129492.3	(3, 3): 2129492.3
17	(1, 1): 2374966.28	(2, 2): 2374966.28	(3, 3): 2374966.28
18	(1, 1): 2717561.92	(2, 2): 2717561.92	(3, 3): 2717561.92
19	(1, 1): 3024921.53	(2, 2): 3024921.53	(3, 3): 3024921.53
20	(1, 1): 3007355.42	(2, 2): 3007355.42	(3, 3): 3007355.42
21	(1, 1): 2569444.19	(2, 2): 2569444.19	(3, 3): 2569444.19
22	(1, 1): 2475190.77	(2, 2): 2475190.77	(3, 3): 2475190.77
23	(1, 1): 2660646.1	(2, 2): 2660646.1	(3, 3): 2660646.1
24	(1, 1): 2139173.48	(2, 2): 2139173.48	(3, 3): 2139173.48
25	(1, 1): 1914991.62	(2, 2): 1914991.62	(3, 3): 1914991.62
26	(1, 1): 1342521.63	(2, 2): 1342521.63	(3, 3): 1342521.63
27	(1, 1): 1786119.38	(2, 2): 1786119.38	(3, 3): 1786119.38
28	(1, 1): 2496695.28	(2, 2): 2496695.28	(3, 3): 2496695.28
29	(1, 1): 2088390.5	(2, 2): 2088390.5	(3, 3): 2088390.5
30	(1, 1): 2798703.45	(2, 2): 2798703.45	(3, 3): 2798703.45
31	(1, 1): 2525287.0	(2, 2): 2525287.0	(3, 3): 2525287.0
32	(1, 1): 2734469.47	(2, 2): 2734469.47	(3, 3): 2734469.47
33	(1, 1): 2862901.85	(2, 2): 2862901.85	(3, 3): 2862901.85
34	(1, 1): 3247962.69	(2, 2): 3247962.69	(3, 3): 3247962.69
35	(1, 1): 3437874.67	(2, 2): 3437874.67	(3, 3): 3437874.67
36	(1, 1): 2924065.92	(2, 2): 2924065.92	(3, 3): 2924065.92
37	(1, 1): 3217581.55	(2, 2): 3217581.55	(3, 3): 3217581.55
38	(1, 1): 3120236.78	(2, 2): 3120236.78	(3, 3): 3120236.78
39	(1, 1): 2137627.22	(2, 2): 2137627.22	(3, 3): 2137627.22
40	(1, 1): 1388278.12	(2, 2): 1388278.12	(3, 3): 1388278.12
41	(1, 1): 933856.659	(2, 2): 933856.659	(3, 3): 933856.659
42	(1, 1): 577240.445	(2, 2): 577240.445	(3, 3): 577240.445
43	(1, 1): 801415.529	(2, 2): 801415.529	(3, 3): 801415.529
44	(1, 1): 1038009.83	(2, 2): 1038009.83	(3, 3): 1038009.83
45	(1, 1): 876922.33	(2, 2): 876922.33	(3, 3): 876922.33
46	(1, 1): 481486.373	(2, 2): 481486.373	(3, 3): 481486.373
47	(1, 1): 233191.415	(2, 2): 233191.415	(3, 3): 233191.415
48	(1, 1): 493380.745	(2, 2): 493380.745	(3, 3): 493380.745
49	(1, 1): 362862.437	(2, 2): 362862.437	(3, 3): 362862.437
50	(1, 1): 202658.767	(2, 2): 202658.767	(3, 3): 202658.767
51	(1, 1): 45676.171	(2, 2): 45676.171	(3, 3): 45676.171
52	(1, 1): 57189.9389	(2, 2): 57189.9389	(3, 3): 57189.9389
53	(1, 1): 16275.8866	(2, 2): 16275.8866	(3, 3): 16275.8866
54	(1, 1): 298429.649	(2, 2): 298429.649	(3, 3): 298429.649
55	(1, 1): 518079.296	(2, 2): 518079.296	(3, 3): 518079.296
56	(1, 1): 518108.898	(2, 2): 518108.898	(3, 3): 518108.898
57	(1, 1): 342248.124	(2, 2): 342248.124	(3, 3): 342248.124
58	(1, 1): 184642.903	(2, 2): 184642.903	(3, 3): 184642.903
59	(1, 1): 202413.009	(2, 2): 202413.009	(3, 3): 202413.009
60	(1, 1): 110694.053	(2, 2): 110694.053	(3, 3): 110694.053
61	(1, 1): 61105.302	(2, 2): 61105.302	(3, 3): 61105.302
62	(1, 1): 21571.1858	(2, 2): 21571.1858	(3, 3): 21571.1858
63	(1, 1): 82257.8274	(2, 2): 82257.8274	(3, 3): 82257.8274
64	(1, 1): 147093.795	(2, 2): 147093.795	(3, 3): 147093.795
65	(1, 1): 106342.315	(2, 2): 106342.315	(3, 3): 106342.315
66	(1, 1): 337397.069	(2, 2): 337397.069	(3, 3): 337397.069
67	(1, 1): 103120.806	(2, 2): 103120.806	(3, 3): 103120.806
68	(1, 1): 113569.028	(2, 2): 113569.028	(3, 3): 113569.028
69	(1, 1): 99832.6763	(2, 2): 99832.6763	(3, 3): 99832.6763
70	(1, 1): 216122.617	(2, 2): 216122.617	(3, 3): 216122.617
71	(1, 1): 29784.1896	(2, 2): 29784.1896	(3, 3): 29784.1896
72	(1, 1): 133270.701	(2, 2): 133270.701	(3, 3): 133270.701
73	(1, 1): 36809.3036	(2, 2): 36809.3036	(3, 3): 36809.3036
74	(1, 1): 233827.768	(2, 2): 233827.768	(3, 3): 233827.768
75	(1, 1): 135582.047	(2, 2): 135582.047	(3, 3): 135582.047
76	(1, 1): 139214.63	(2, 2): 139214.63	(3, 3): 139214.63
77	(1, 1): 13802.244	(2, 2): 13802.244	(3, 3): 13802.244
78	(1, 1): 84578.4826	(2, 2): 84578.4826	(3, 3): 84578.4826
79	(1, 1): 25827.8486	(2, 2): 25827.8486	(3, 3): 25827.8486
80	(1, 1): 15007.9002	(2, 2): 15007.9002	(3, 3): 15007.9002
81	(1, 1): 304708.706	(2, 2): 304708.706	(3, 3): 304708.706
82	(1, 1): 607689.567	(2, 2): 607689.567	(3, 3): 607689.567
83	(1, 1): 731344.962	(2, 2): 731344.962	(3, 3): 731344.962
84	(1, 1): 535819.899	(2, 2): 535819.899	(3, 3): 535819.899
85	(1, 1): 262817.26	(2, 2): 262817.26	(3, 3): 262817.26
86	(1, 1): 468853.654	(2, 2): 468853.654	(3, 3): 468853.654
87	(1, 1): 371974.475	(2, 2): 371974.475	(3, 3): 371974.475
88	(1, 1): 305736.928	(2, 2): 305736.928	(3, 3): 305736.928
89	(1, 1): 164251.245	(2, 2): 164251.245	(3, 3): 164251.245
90	(1, 1): 106589.966	(2, 2): 106589.966	(3, 3): 106589.966
91	(1, 1): 297444.289	(2, 2): 297444.289	(3, 3): 297444.289
92	(1, 1): 179268.379	(2, 2): 179268.379	(3, 3): 179268.379
93	(1, 1): 175921.83	(2, 2): 175921.83	(3, 3): 175921.83
94	(1, 1): 297862.363	(2, 2): 297862.363	(3, 3): 297862.363
95	(1, 1): 346765.807	(2, 2): 346765.807	(3, 3): 346765.807
96	(1, 1): 685074.996	(2, 2): 685074.996	(3, 3): 685074.996
97	(1, 1): 841072.05	(2, 2): 841072.05	(3, 3): 841072.05
98	(1, 1): 523330.877	(2, 2): 523330.877	(3, 3): 523330.877
99	(1, 1): 624225.121	(2, 2): 624225.121	(3, 3): 624225.121
100	(1, 1): 1157733.64	(2, 2): 1157733.64	(3, 3): 1157733.64
101	(1, 1): 1217627.49	(2, 2): 1217627.49	(3, 3): 1217627.49
102	(1, 1): 1585257.2	(2, 2): 1585257.2	(3, 3): 1585257.2
103	(1, 1): 1819104.02	(2, 2): 1819104.02	(3, 3): 1819104.02
104	(1, 1): 1644091.0	(2, 2): 1644091.0	(3, 3): 1644091.0
105	(1, 1): 1457374.61	(2, 2): 1457374.61	(3, 3): 1457374.61
106	(1, 1): 1909770.99	(2, 2): 1909770.99	(3, 3): 1909770.99
107	(1, 1): 1289700.9	(2, 2): 1289700.9	(3, 3): 1289700.9
108	(1, 1): 1828410.99	(2, 2): 1828410.99	(3, 3): 1828410.99
109	(1, 1): 2031558.41	(2, 2): 2031558.41	(3, 3): 2031558.41
110	(1, 1): 2723333.74	(2, 2): 2723333.74	(3, 3): 2723333.74
111	(1, 1): 2455895.77	(2, 2): 2455895.77	(3, 3): 2455895.77
112	(1, 1): 3397763.43	(2, 2): 3397763.43	(3, 3): 3397763.43
113	(1, 1): 3234109.22	(2, 2): 3234109.22	(3, 3): 3234109.22
114	(1, 1): 2997675.12	(2, 2): 2997675.12	(3, 3): 2997675.12
115	(1, 1): 2251761.44	(2, 2): 2251761.44	(3, 3): 2251761.44
116	(1, 1): 2651672.37	(2, 2): 2651672.37	(3, 3): 2651672.37
117	(1, 1): 2388812.62	(2, 2): 2388812.62	(3, 3): 2388812.62
118	(1, 1): 2542824.54	(2, 2): 2542824.54	(3, 3): 2542824.54
119	(1, 1): 3157738.96	(2, 2): 3157738.96	(3, 3): 3157738.96
120	(1, 1): 2359788.04	(2, 2): 2359788.04	(3, 3): 2359788.04
121	(1, 1): 2631957.18	(2, 2): 2631957.18	(3, 3): 2631957.18
122	(1, 1): 3681539.36	(2, 2): 3681539.36	(3, 3): 3681539.36
123	(1, 1): 3459351.88	(2, 2): 3459351.88	(3, 3): 3459351.88
124	(1, 1): 3161895.27	(2, 2): 3161895.27	(3, 3): 3161895.27
125	(1, 1): 2990842.07	(2, 2): 2990842.07	(3, 3): 2990842.07
126	(1, 1): 1978884.69	(2, 2): 1978884.69	(3, 3): 1978884.69
127	(1, 1): 1654905.0	(2, 2): 1654905.0	(3, 3): 1654905.0
128	(1, 1): 1371751.05	(2, 2): 1371751.05	(3, 3): 1371751.05
129	(1, 1): 1988490.97	(2, 2): 1988490.97	(3, 3): 1988490.97
130	(1, 1): 1708372.02	(2, 2): 1708372.02	(3, 3): 1708372.02
131	(1, 1): 1293313.71	(2, 2): 1293313.71	(3, 3): 1293313.71
132	(1, 1): 3100128.91	(2, 2): 3100128.91	(3, 3): 3100128.91
133	(1, 1): 2227069.37	(2, 2): 2227069.37	(3, 3): 2227069.37
134	(1, 1): 1751562.33	(2, 2): 1751562.33	(3, 3): 1751562.33
135	(1, 1): 1652681.0	(2, 2): 1652681.0	(3, 3): 1652681.0
136	(1, 1): 448125.757	(2, 2): 448125.757	(3, 3): 448125.757
137	(1, 1): 231129.262	(2, 2): 231129.262	(3, 3): 231129.262
138	(1, 1): 192867.584	(2, 2): 192867.584	(3, 3): 192867.584
139	(1, 1): 73326.9663	(2, 2): 73326.9663	(3, 3): 73326.9663
140	(1, 1): 45177.6931	(2, 2): 45177.6931	(3, 3): 45177.6931
141	(1, 1): 477799.499	(2, 2): 477799.499	(3, 3): 477799.499
142	(1, 1): 243643.379	(2, 2): 243643.379	(3, 3): 243643.379
143	(1, 1): 107333.822	(2, 2): 107333.822	(3, 3): 107333.822
144	(1, 1): 196234.294	(2, 2): 196234.294	(3, 3): 196234.294
145	(1, 1): 228305.624	(2, 2): 228305.624	(3, 3): 228305.624
146	(1, 1): 617726.664	(2, 2): 617726.664	(3, 3): 617726.664
147	(1, 1): 229978.614	(2, 2): 229978.614	(3, 3): 229978.614
148	(1, 1): 85994.8737	(2, 2): 85994.8737	(3, 3): 85994.8737
149	(1, 1): 86669.1536	(2, 2): 86669.1536	(3, 3): 86669.1536
150	(1, 1): 60835.5235	(2, 2): 60835.5235	(3, 3): 60835.5235
151	(1, 1): 343945.832	(2, 2): 343945.832	(3, 3): 343945.832
152	(1, 1): 482006.712	(2, 2): 482006.712	(3, 3): 482006.712
153	(1, 1): 715076.611	(2, 2): 715076.611	(3, 3): 715076.611
154	(1, 1): 855129.342	(2, 2): 855129.342	(3, 3): 855129.342
155	(1, 1): 1617467.84	(2, 2): 1617467.84	(3, 3): 1617467.84
156	(1, 1): 1123464.67	(2, 2): 1123464.67	(3, 3): 1123464.67
157	(1, 1): 1165741.78	(2, 2): 1165741.78	(3, 3): 1165741.78
158	(1, 1): 1799758.11	(2, 2): 1799758.11	(3, 3): 1799758.11
159	(1, 1): 1928957.04	(2, 2): 1928957.04	(3, 3): 1928957.04
160	(1, 1): 1564899.56	(2, 2): 1564899.56	(3, 3): 1564899.56
161	(1, 1): 2443981.19	(2, 2): 2443981.19	(3, 3): 2443981.19
162	(1, 1): 2657591.69	(2, 2): 2657591.69	(3, 3): 2657591.69
163	(1, 1): 1303856.59	(2, 2): 1303856.59	(3, 3): 1303856.59
164	(1, 1): 1217972.84	(2, 2): 1217972.84	(3, 3): 1217972.84
165	(1, 1): 1407558.06	(2, 2): 1407558.06	(3, 3): 1407558.06
166	(1, 1): 1291246.01	(2, 2): 1291246.01	(3, 3): 1291246.01
167	(1, 1): 892724.471	(2, 2): 892724.471	(3, 3): 892724.471
168	(1, 1): 685170.913	(2, 2): 685170.913	(3, 3): 685170.913
169	(1, 1): 778820.359	(2, 2): 778820.359	(3, 3): 778820.359
170	(1, 1): 515740.524	(2, 2): 515740.524	(3, 3): 515740.524
171	(1, 1): 763238.863	(2, 2): 763238.863	(3, 3): 763238.863
172	(1, 1): 727743.252	(2, 2): 727743.252	(3, 3): 727743.252
173	(1, 1): 678345.736	(2, 2): 678345.736	(3, 3): 678345.736
174	(1, 1): 641962.338	(2, 2): 641962.338	(3, 3): 641962.338
175	(1, 1): 1046379.27	(2, 2): 1046379.27	(3, 3): 1046379.27
176	(1, 1): 1302035.32	(2, 2): 1302035.32	(3, 3): 1302035.32
177	(1, 1): 1103005.32	(2, 2): 1103005.32	(3, 3): 1103005.32
178	(1, 1): 1400690.46	(2, 2): 1400690.46	(3, 3): 1400690.46
179	(1, 1): 1285021.88	(2, 2): 1285021.88	(3, 3): 1285021.88
180	(1, 1): 2355990.03	(2, 2): 2355990.03	(3, 3): 2355990.03
181	(1, 1): 1816313.9	(2, 2): 1816313.9	(3, 3): 1816313.9
182	(1, 1): 1966013.05	(2, 2): 1966013.05	(3, 3): 1966013.05
183	(1, 1): 2404024.05	(2, 2): 2404024.05	(3, 3): 2404024.05
184	(1, 1): 3001269.49	(2, 2): 3001269.49	(3, 3): 3001269.49
185	(1, 1): 3752884.3	(2, 2): 3752884.3	(3, 3): 3752884.3
186	(1, 1): 3004132.89	(2, 2): 3004132.89	(3, 3): 3004132.89
187	(1, 1): 3218611.38	(2, 2): 3218611.38	(3, 3): 3218611.38
188	(1, 1): 3211444.24	(2, 2): 3211444.24	(3, 3): 3211444.24
189	(1, 1): 3486060.08	(2, 2): 3486060.08	(3, 3): 3486060.08
190	(1, 1): 2545031.53	(2, 2): 2545031.53	(3, 3): 2545031.53
191	(1, 1): 3235805.05	(2, 2): 3235805.05	(3, 3): 3235805.05
192	(1, 1): 2982901.97	(2, 2): 2982901.97	(3, 3): 2982901.97
193	(1, 1): 1903566.51	(2, 2): 1903566.51	(3, 3): 1903566.51
194	(1, 1): 2398144.85	(2, 2): 2398144.85	(3, 3): 2398144.85
195	(1, 1): 3246139.63	(2, 2): 3246139.63	(3, 3): 3246139.63
196	(1, 1): 2602517.95	(2, 2): 2602517.95	(3, 3): 2602517.95
197	(1, 1): 2781294.63	(2, 2): 2781294.63	(3, 3): 2781294.63
198	(1, 1): 2419750.87	(2, 2): 2419750.87	(3, 3): 2419750.87
199	(1, 1): 3337783.78	(2, 2): 3337783.78	(3, 3): 3337783.78
200	(1, 1): 3205511.56	(2, 2): 3205511.56	(3, 3): 3205511.56
201	(1, 1): 2699282.9	(2, 2): 2699282.9	(3, 3): 2699282.9
202	(1, 1): 3214354.45	(2, 2): 3214354.45	(3, 3): 3214354.45
203	(1, 1): 3675489.68	(2, 2): 3675489.68	(3, 3): 3675489.68
204	(1, 1): 2702739.54	(2, 2): 2702739.54	(3, 3): 2702739.54
205	(1, 1): 2311200.45	(2, 2): 2311200.45	(3, 3): 2311200.45
206	(1, 1): 2274983.72	(2, 2): 2274983.72	(3, 3): 2274983.72
207	(1, 1): 2162459.41	(2, 2): 2162459.41	(3, 3): 2162459.41
208	(1, 1): 1416304.3	(2, 2): 1416304.3	(3, 3): 1416304.3
209	(1, 1): 1064148.19	(2, 2): 1064148.19	(3, 3): 1064148.19
210	(1, 1): 1413999.08	(2, 2): 1413999.08	(3, 3): 1413999.08
211	(1, 1): 1205400.02	(2, 2): 1205400.02	(3, 3): 1205400.02
212	(1, 1): 1344785.76	(2, 2): 1344785.76	(3, 3): 1344785.76
213	(1, 1): 1415540.49	(2, 2): 1415540.49	(3, 3): 1415540.49
214	(1, 1): 2866230.19	(2, 2): 2866230.19	(3, 3): 2866230.19
215	(1, 1): 3109059.0	(2, 2): 3109059.0	(3, 3): 3109059.0
216	(1, 1): 3587386.81	(2, 2): 3587386.81	(3, 3): 3587386.81
217	(1, 1): 3920269.79	(2, 2): 3920269.79	(3, 3): 3920269.79
218	(1, 1): 3477358.23	(2, 2): 3477358.23	(3, 3): 3477358.23
219	(1, 1): 2525909.47	(2, 2): 2525909.47	(3, 3): 2525909.47
220	(1, 1): 1617444.77	(2, 2): 1617444.77	(3, 3): 1617444.77
221	(1, 1): 1485169.84	(2, 2): 1485169.84	(3, 3): 1485169.84
222	(1, 1): 1147318.41	(2, 2): 1147318.41	(3, 3): 1147318.41
223	(1, 1): 1154636.71	(2, 2): 1154636.71	(3, 3): 1154636.71
224	(1, 1): 1249003.98	(2, 2): 1249003.98	(3, 3): 1249003.98
225	(1, 1): 905491.414	(2, 2): 905491.414	(3, 3): 905491.414
226	(1, 1): 614340.079	(2, 2): 614340.079	(3, 3): 614340.079
227	(1, 1): 1102508.61	(2, 2): 1102508.61	(3, 3): 1102508.61
228	(1, 1): 613824.457	(2, 2): 613824.457	(3, 3): 613824.457
229	(1, 1): 642684.348	(2, 2): 642684.348	(3, 3): 642684.348
230	(1, 1): 660592.632	(2, 2): 660592.632	(3, 3): 660592.632
231	(1, 1): 978834.425	(2, 2): 978834.425	(3, 3): 978834.425
232	(1, 1): 1048915.44	(2, 2): 1048915.44	(3, 3): 1048915.44
233	(1, 1): 1245667.59	(2, 2): 1245667.59	(3, 3): 1245667.59
234	(1, 1): 1337336.9	(2, 2): 1337336.9	(3, 3): 1337336.9
235	(1, 1): 782910.8	(2, 2): 782910.8	(3, 3): 782910.8
236	(1, 1): 478934.883	(2, 2): 478934.883	(3, 3): 478934.883
237	(1, 1): 60245.1773	(2, 2): 60245.1773	(3, 3): 60245.1773
238	(1, 1): 57154.8112	(2, 2): 57154.8112	(3, 3): 57154.8112
239	(1, 1): 165681.528	(2, 2): 165681.528	(3, 3): 165681.528
240	(1, 1): 23396.4342	(2, 2): 23396.4342	(3, 3): 23396.4342
241	(1, 1): 23725.1104	(2, 2): 23725.1104	(3, 3): 23725.1104
242	(1, 1): 214892.964	(2, 2): 214892.964	(3, 3): 214892.964
243	(1, 1): 385053.068	(2, 2): 385053.068	(3, 3): 385053.068
244	(1, 1): 288944.21	(2, 2): 288944.21	(3, 3): 288944.21
245	(1, 1): 356711.174	(2, 2): 356711.174	(3, 3): 356711.174
246	(1, 1): 191946.623	(2, 2): 191946.623	(3, 3): 191946.623
247	(1, 1): 233119.688	(2, 2): 233119.688	(3, 3): 233119.688
248	(1, 1): 188550.742	(2, 2): 188550.742	(3, 3): 188550.742
249	(1, 1): 146812.9	(2, 2): 146812.9	(3, 3): 146812.9
250	(1, 1): 36428.3808	(2, 2): 36428.3808	(3, 3): 36428.3808
251	(1, 1): 68109.6167	(2, 2): 68109.6167	(3, 3): 68109.6167
252	(1, 1): 344007.035	(2, 2): 344007.035	(3, 3): 344007.035
253	(1, 1): 520808.275	(2, 2): 520808.275	(3, 3): 520808.275
254	(1, 1): 589188.234	(2, 2): 589188.234	(3, 3): 589188.234
255	(1, 1): 289588.572	(2, 2): 289588.572	(3, 3): 289588.572
256	(1, 1): 144833.079	(2, 2): 144833.079	(3, 3): 144833.079
257	(1, 1): 141978.529	(2, 2): 141978.529	(3, 3): 141978.529
258	(1, 1): 125240.47	(2, 2): 125240.47	(3, 3): 125240.47
259	(1, 1): 127483.232	(2, 2): 127483.232	(3, 3): 127483.232
260	(1, 1): 83062.6142	(2, 2): 83062.6142	(3, 3): 83062.6142
261	(1, 1): 97129.6776	(2, 2): 97129.6776	(3, 3): 97129.6776
262	(1, 1): 547162.713	(2, 2): 547162.713	(3, 3): 547162.713
263	(1, 1): 339432.723	(2, 2): 339432.723	(3, 3): 339432.723
264	(1, 1): 218649.801	(2, 2): 218649.801	(3, 3): 218649.801
265	(1, 1): 505276.405	(2, 2): 505276.405	(3, 3): 505276.405
266	(1, 1): 918658.608	(2, 2): 918658.608	(3, 3): 918658.608
267	(1, 1): 826162.619	(2, 2): 826162.619	(3, 3): 826162.619
268	(1, 1): 906966.223	(2, 2): 906966.223	(3, 3): 906966.223
269	(1, 1): 943026.022	(2, 2): 943026.022	(3, 3): 943026.022
270	(1, 1): 1282766.23	(2, 2): 1282766.23	(3, 3): 1282766.23
271	(1, 1): 860640.213	(2, 2): 860640.213	(3, 3): 860640.213
272	(1, 1): 981504.626	(2, 2): 981504.626	(3, 3): 981504.626
273	(1, 1): 1010354.81	(2, 2): 1010354.81	(3, 3): 1010354.81
274	(1, 1): 484455.41	(2, 2): 484455.41	(3, 3): 484455.41
275	(1, 1): 438755.338	(2, 2): 438755.338	(3, 3): 438755.338
276	(1, 1): 591127.474	(2, 2): 591127.474	(3, 3): 591127.474
277	(1, 1): 685389.946	(2, 2): 685389.946	(3, 3): 685389.946
278	(1, 1): 368137.1	(2, 2): 368137.1	(3, 3): 368137.1
279	(1, 1): 884220.337	(2, 2): 884220.337	(3, 3): 884220.337
280	(1, 1): 580400.763	(2, 2): 580400.763	(3, 3): 580400.763
281	(1, 1): 595682.672	(2, 2): 595682.672	(3, 3): 595682.672
282	(1, 1): 1012778.81	(2, 2): 1012778.81	(3, 3): 1012778.81
283	(1, 1): 795069.544	(2, 2): 795069.544	(3, 3): 795069.544
284	(1, 1): 1118916.55	(2, 2): 1118916.55	(3, 3): 1118916.55
285	(1, 1): 1063358.28	(2, 2): 1063358.28	(3, 3): 1063358.28
286	(1, 1): 977304.885	(2, 2): 977304.885	(3, 3): 977304.885
287	(1, 1): 651528.133	(2, 2): 651528.133	(3, 3): 651528.133
288	(1, 1): 261654.567	(2, 2): 261654.567	(3, 3): 261654.567
289	(1, 1): 388916.381	(2, 2): 388916.381	(3, 3): 388916.381
290	(1, 1): 309226.875	(2, 2): 309226.875	(3, 3): 309226.875
291	(1, 1): 889521.869	(2, 2): 889521.869	(3, 3): 889521.869
292	(1, 1): 856916.794	(2, 2): 856916.794	(3, 3): 856916.794
293	(1, 1): 1112946.37	(2, 2): 1112946.37	(3, 3): 1112946.37
294	(1, 1): 1719684.14	(2, 2): 1719684.14	(3, 3): 1719684.14
295	(1, 1): 1882753.17	(2, 2): 1882753.17	(3, 3): 1882753.17
296	(1, 1): 1336828.08	(2, 2): 1336828.08	(3, 3): 1336828.08
297	(1, 1): 1391617.27	(2, 2): 1391617.27	(3, 3): 1391617.27
298	(1, 1): 632856.96	(2, 2): 632856.96	(3, 3): 632856.96
299	(1, 1): 185113.328	(2, 2): 185113.328	(3, 3): 185113.328
300	(1, 1): 48807.3789	(2, 2): 48807.3789	(3, 3): 48807.3789
301	(1, 1): 78486.5618	(2, 2): 78486.5618	(3, 3): 78486.5618
302	(1, 1): 90329.0126	(2, 2): 90329.0126	(3, 3): 90329.0126
303	(1, 1): 35972.0289	(2, 2): 35972.0289	(3, 3): 35972.0289
304	(1, 1): 92453.8766	(2, 2): 92453.8766	(3, 3): 92453.8766
305	(1, 1): 107946.654	(2, 2): 107946.654	(3, 3): 107946.654
306	(1, 1): 182434.212	(2, 2): 182434.212	(3, 3): 182434.212
307	(1, 1): 891299.271	(2, 2): 891299.271	(3, 3): 891299.271
308	(1, 1): 947210.88	(2, 2): 947210.88	(3, 3): 947210.88
309	(1, 1): 555142.483	(2, 2): 555142.483	(3, 3): 555142.483
310	(1, 1): 34411.9671	(2, 2): 34411.9671	(3, 3): 34411.9671
311	(1, 1): 74907.4836	(2, 2): 74907.4836	(3, 3): 74907.4836
312	(1, 1): 57366.7224	(2, 2): 57366.7224	(3, 3): 57366.7224
313	(1, 1): 101091.481	(2, 2): 101091.481	(3, 3): 101091.481
314	(1, 1): 48404.7474	(2, 2): 48404.7474	(3, 3): 48404.7474
315	(1, 1): 174592.797	(2, 2): 174592.797	(3, 3): 174592.797
316	(1, 1): 248741.521	(2, 2): 248741.521	(3, 3): 248741.521
317	(1, 1): 88123.451	(2, 2): 88123.451	(3, 3): 88123.451
318	(1, 1): 384043.658	(2, 2): 384043.658	(3, 3): 384043.658
319	(1, 1): 283938.179	(2, 2): 283938.179	(3, 3): 283938.179
320	(1, 1): 96113.6243	(2, 2): 96113.6243	(3, 3): 96113.6243
321	(1, 1): 48644.6368	(2, 2): 48644.6368	(3, 3): 48644.6368
322	(1, 1): 64760.4	(2, 2): 64760.4	(3, 3): 64760.4
323	(1, 1): 191768.12	(2, 2): 191768.12	(3, 3): 191768.12
324	(1, 1): 502813.65	(2, 2): 502813.65	(3, 3): 502813.65
325	(1, 1): 859843.593	(2, 2): 859843.593	(3, 3): 859843.593
326	(1, 1): 983226.417	(2, 2): 983226.417	(3, 3): 983226.417
327	(1, 1): 752486.078	(2, 2): 752486.078	(3, 3): 752486.078
328	(1, 1): 1836316.81	(2, 2): 1836316.81	(3, 3): 1836316.81
329	(1, 1): 2002954.88	(2, 2): 2002954.88	(3, 3): 2002954.88
330	(1, 1): 2312739.57	(2, 2): 2312739.57	(3, 3): 2312739.57
331	(1, 1): 1670424.76	(2, 2): 1670424.76	(3, 3): 1670424.76
332	(1, 1): 1557817.2	(2, 2): 1557817.2	(3, 3): 1557817.2
333	(1, 1): 2323756.93	(2, 2): 2323756.93	(3, 3): 2323756.93
334	(1, 1): 2140890.37	(2, 2): 2140890.37	(3, 3): 2140890.37
335	(1, 1): 2536111.31	(2, 2): 2536111.31	(3, 3): 2536111.31
336	(1, 1): 2819553.71	(2, 2): 2819553.71	(3, 3): 2819553.71
337	(1, 1): 2717162.6	(2, 2): 2717162.6	(3, 3): 2717162.6
338	(1, 1): 3348916.3	(2, 2): 3348916.3	(3, 3): 3348916.3
339	(1, 1): 2140813.19	(2, 2): 2140813.19	(3, 3): 2140813.19
340	(1, 1): 2626705.29	(2, 2): 2626705.29	(3, 3): 2626705.29
341	(1, 1): 1421405.99	(2, 2): 1421405.99	(3, 3): 1421405.99
342	(1, 1): 1168672.06	(2, 2): 1168672.06	(3, 3): 1168672.06
343	(1, 1): 1820127.2	(2, 2): 1820127.2	(3, 3): 1820127.2
344	(1, 1): 2009948.88	(2, 2): 2009948.88	(3, 3): 2009948.88
345	(1, 1): 2283963.82	(2, 2): 2283963.82	(3, 3): 2283963.82
346	(1, 1): 2039829.44	(2, 2): 2039829.44	(3, 3): 2039829.44
347	(1, 1): 1189175.65	(2, 2): 1189175.65	(3, 3): 1189175.65
348	(1, 1): 294217.405	(2, 2): 294217.405	(3, 3): 294217.405
349	(1, 1): 53067.2733	(2, 2): 53067.2733	(3, 3): 53067.2733
350	(1, 1): 97287.8912	(2, 2): 97287.8912	(3, 3): 97287.8912
351	(1, 1): 100522.882	(2, 2): 100522.882	(3, 3): 100522.882
352	(1, 1): 207129.61	(2, 2): 207129.61	(3, 3): 207129.61
353	(1, 1): 172816.305	(2, 2): 172816.305	(3, 3): 172816.305
354	(1, 1): 206655.984	(2, 2): 206655.984	(3, 3): 206655.984
355	(1, 1): 189762.513	(2, 2): 189762.513	(3, 3): 189762.513
356	(1, 1): 234341.485	(2, 2): 234341.485	(3, 3): 234341.485
357	(1, 1): 82033.2306	(2, 2): 82033.2306	(3, 3): 82033.2306
358	(1, 1): 158170.671	(2, 2): 158170.671	(3, 3): 158170.671
359	(1, 1): 117141.17	(2, 2): 117141.17	(3, 3): 117141.17
360	(1, 1): 283655.42	(2, 2): 283655.42	(3, 3): 283655.42
361	(1, 1): 487198.025	(2, 2): 487198.025	(3, 3): 487198.025
362	(1, 1): 225739.55	(2, 2): 225739.55	(3, 3): 225739.55
363	(1, 1): 149394.89	(2, 2): 149394.89	(3, 3): 149394.89
364	(1, 1): 107715.487	(2, 2): 107715.487	(3, 3): 107715.487
365	(1, 1): 147562.498	(2, 2): 147562.498	(3, 3): 147562.498
366	(1, 1): 116713.153	(2, 2): 116713.153	(3, 3): 116713.153
367	(1, 1): 720896.306	(2, 2): 720896.306	(3, 3): 720896.306
368	(1, 1): 387387.686	(2, 2): 387387.686	(3, 3): 387387.686
369	(1, 1): 600641.912	(2, 2): 600641.912	(3, 3): 600641.912
370	(1, 1): 514044.158	(2, 2): 514044.158	(3, 3): 514044.158
371	(1, 1): 496619.61	(2, 2): 496619.61	(3, 3): 496619.61
372	(1, 1): 202656.869	(2, 2): 202656.869	(3, 3): 202656.869
373	(1, 1): 467712.456	(2, 2): 467712.456	(3, 3): 467712.456
374	(1, 1): 592810.417	(2, 2): 592810.417	(3, 3): 592810.417
375	(1, 1): 561752.131	(2, 2): 561752.131	(3, 3): 561752.131
376	(1, 1): 245941.629	(2, 2): 245941.629	(3, 3): 245941.629
377	(1, 1): 382320.79	(2, 2): 382320.79	(3, 3): 382320.79
378	(1, 1): 614271.395	(2, 2): 614271.395	(3, 3): 614271.395
379	(1, 1): 617400.504	(2, 2): 617400.504	(3, 3): 617400.504
380	(1, 1): 356260.232	(2, 2): 356260.232	(3, 3): 356260.232
381	(1, 1): 329054.917	(2, 2): 329054.917	(3, 3): 329054.917
382	(1, 1): 654197.438	(2, 2): 654197.438	(3, 3): 654197.438
383	(1, 1): 445766.76	(2, 2): 445766.76	(3, 3): 445766.76
384	(1, 1): 411480.556	(2, 2): 411480.556	(3, 3): 411480.556
385	(1, 1): 687494.264	(2, 2): 687494.264	(3, 3): 687494.264
386	(1, 1): 515058.098	(2, 2): 515058.098	(3, 3): 515058.098
387	(1, 1): 639462.646	(2, 2): 639462.646	(3, 3): 639462.646
388	(1, 1): 414071.643	(2, 2): 414071.643	(3, 3): 414071.643
389	(1, 1): 336095.826	(2, 2): 336095.826	(3, 3): 336095.826
390	(1, 1): 158548.592	(2, 2): 158548.592	(3, 3): 158548.592
391	(1, 1): 116540.796	(2, 2): 116540.796	(3, 3): 116540.796
392	(1, 1): 291766.118	(2, 2): 291766.118	(3, 3): 291766.118
393	(1, 1): 642832.562	(2, 2): 642832.562	(3, 3): 642832.562
394	(1, 1): 307487.35	(2, 2): 307487.35	(3, 3): 307487.35
395	(1, 1): 130527.692	(2, 2): 130527.692	(3, 3): 130527.692
396	(1, 1): 80652.0094	(2, 2): 80652.0094	(3, 3): 80652.0094
397	(1, 1): 293136.761	(2, 2): 293136.761	(3, 3): 293136.761
398	(1, 1): 291531.214	(2, 2): 291531.214	(3, 3): 291531.214
399	(1, 1): 157462.678	(2, 2): 157462.678	(3, 3): 157462.678
400	(1, 1): 143636.667	(2, 2): 143636.667	(3, 3): 143636.667
401	(1, 1): 108236.624	(2, 2): 108236.624	(3, 3): 108236.624
402	(1, 1): 29383.9781	(2, 2): 29383.9781	(3, 3): 29383.9781
403	(1, 1): 154847.905	(2, 2): 154847.905	(3, 3): 154847.905
404	(1, 1): 100373.693	(2, 2): 100373.693	(3, 3): 100373.693
405	(1, 1): 187749.99	(2, 2): 187749.99	(3, 3): 187749.99
406	(1, 1): 116992.7	(2, 2): 116992.7	(3, 3): 116992.7
407	(1, 1): 246997.604	(2, 2): 246997.604	(3, 3): 246997.604
408	(1, 1): 150197.961	(2, 2): 150197.961	(3, 3): 150197.961
409	(1, 1): 268391.032	(2, 2): 268391.032	(3, 3): 268391.032
410	(1, 1): 159460.323	(2, 2): 159460.323	(3, 3): 159460.323
411	(1, 1): 280693.099	(2, 2): 280693.099	(3, 3): 280693.099
412	(1, 1): 158345.941	(2, 2): 158345.941	(3, 3): 158345.941
413	(1, 1): 38955.5414	(2, 2): 38955.5414	(3, 3): 38955.5414
414	(1, 1): 77676.7484	(2, 2): 77676.7484	(3, 3): 77676.7484
415	(1, 1): 20243.1063	(2, 2): 20243.1063	(3, 3): 20243.1063
416	(1, 1): 111420.12	(2, 2): 111420.12	(3, 3): 111420.12
417	(1, 1): 91422.3965	(2, 2): 91422.3965	(3, 3): 91422.3965
418	(1, 1): 39079.0375	(2, 2): 39079.0375	(3, 3): 39079.0375
419	(1, 1): 169845.915	(2, 2): 169845.915	(3, 3): 169845.915
420	(1, 1): 184397.669	(2, 2): 184397.669	(3, 3): 184397.669
421	(1, 1): 526276.435	(2, 2): 526276.435	(3, 3): 526276.435
422	(1, 1): 461720.107	(2, 2): 461720.107	(3, 3): 461720.107
423	(1, 1): 585941.964	(2, 2): 585941.964	(3, 3): 585941.964
424	(1, 1): 399246.085	(2, 2): 399246.085	(3, 3): 399246.085
425	(1, 1): 406287.692	(2, 2): 406287.692	(3, 3): 406287.692
426	(1, 1): 484165.898	(2, 2): 484165.898	(3, 3): 484165.898
427	(1, 1): 564300.314	(2, 2): 564300.314	(3, 3): 564300.314
428	(1, 1): 128147.351	(2, 2): 128147.351	(3, 3): 128147.351
429	(1, 1): 399163.313	(2, 2): 399163.313	(3, 3): 399163.313
430	(1, 1): 212690.178	(2, 2): 212690.178	(3, 3): 212690.178
431	(1, 1): 729037.026	(2, 2): 729037.026	(3, 3): 729037.026
432	(1, 1): 682862.769	(2, 2): 682862.769	(3, 3): 682862.769
433	(1, 1): 620112.757	(2, 2): 620112.757	(3, 3): 620112.757
434	(1, 1): 244914.604	(2, 2): 244914.604	(3, 3): 244914.604
435	(1, 1): 230161.006	(2, 2): 230161.006	(3, 3): 230161.006
436	(1, 1): 49580.9061	(2, 2): 49580.9061	(3, 3): 49580.9061
437	(1, 1): 115037.819	(2, 2): 115037.819	(3, 3): 115037.819
438	(1, 1): 111819.198	(2, 2): 111819.198	(3, 3): 111819.198
439	(1, 1): 48833.952	(2, 2): 48833.952	(3, 3): 48833.952
440	(1, 1): 35847.1686	(2, 2): 35847.1686	(3, 3): 35847.1686
441	(1, 1): 19793.9232	(2, 2): 19793.9232	(3, 3): 19793.9232
442	(1, 1): 151468.589	(2, 2): 151468.589	(3, 3): 151468.589
443	(1, 1): 35219.2412	(2, 2): 35219.2412	(3, 3): 35219.2412
444	(1, 1): 257380.017	(2, 2): 257380.017	(3, 3): 257380.017
445	(1, 1): 418104.667	(2, 2): 418104.667	(3, 3): 418104.667
446	(1, 1): 303122.674	(2, 2): 303122.674	(3, 3): 303122.674
447	(1, 1): 170334.095	(2, 2): 170334.095	(3, 3): 170334.095
448	(1, 1): 45826.5696	(2, 2): 45826.5696	(3, 3): 45826.5696
449	(1, 1): 112651.915	(2, 2): 112651.915	(3, 3): 112651.915
450	(1, 1): 378924.954	(2, 2): 378924.954	(3, 3): 378924.954
451	(1, 1): 44753.679	(2, 2): 44753.679	(3, 3): 44753.679
452	(1, 1): 241788.584	(2, 2): 241788.584	(3, 3): 241788.584
453	(1, 1): 172286.373	(2, 2): 172286.373	(3, 3): 172286.373
454	(1, 1): 119079.37	(2, 2): 119079.37	(3, 3): 119079.37
455	(1, 1): 88425.5128	(2, 2): 88425.5128	(3, 3): 88425.5128
456	(1, 1): 54361.4282	(2, 2): 54361.4282	(3, 3): 54361.4282
457	(1, 1): 45377.113	(2, 2): 45377.113	(3, 3): 45377.113
458	(1, 1): 48307.3016	(2, 2): 48307.3016	(3, 3): 48307.3016
459	(1, 1): 165004.426	(2, 2): 165004.426	(3, 3): 165004.426
460	(1, 1): 291900.074	(2, 2): 291900.074	(3, 3): 291900.074
461	(1, 1): 533916.105	(2, 2): 533916.105	(3, 3): 533916.105
462	(1, 1): 597166.189	(2, 2): 597166.189	(3, 3): 597166.189
463	(1, 1): 232477.906	(2, 2): 232477.906	(3, 3): 232477.906
464	(1, 1): 412947.533	(2, 2): 412947.533	(3, 3): 412947.533
465	(1, 1): 133486.745	(2, 2): 133486.745	(3, 3): 133486.745
466	(1, 1): 178593.712	(2, 2): 178593.712	(3, 3): 178593.712
467	(1, 1): 307443.377	(2, 2): 307443.377	(3, 3): 307443.377
468	(1, 1): 369080.637	(2, 2): 369080.637	(3, 3): 369080.637
469	(1, 1): 347704.552	(2, 2): 347704.552	(3, 3): 347704.552
470	(1, 1): 512969.845	(2, 2): 512969.845	(3, 3): 512969.845
471	(1, 1): 324583.822	(2, 2): 324583.822	(3, 3): 324583.822
472	(1, 1): 703250.269	(2, 2): 703250.269	(3, 3): 703250.269
473	(1, 1): 913611.897	(2, 2): 913611.897	(3, 3): 913611.897
474	(1, 1): 876634.805	(2, 2): 876634.805	(3, 3): 876634.805
475	(1, 1): 1214588.55	(2, 2): 1214588.55	(3, 3): 1214588.55
476	(1, 1): 1498566.43	(2, 2): 1498566.43	(3, 3): 1498566.43
477	(1, 1): 1085277.71	(2, 2): 1085277.71	(3, 3): 1085277.71
478	(1, 1): 576219.284	(2, 2): 576219.284	(3, 3): 576219.284
479	(1, 1): 519959.538	(2, 2): 519959.538	(3, 3): 519959.538
480	(1, 1): 40019.4286	(2, 2): 40019.4286	(3, 3): 40019.4286
481	(1, 1): 178967.753	(2, 2): 178967.753	(3, 3): 178967.753
482	(1, 1): 216364.558	(2, 2): 216364.558	(3, 3): 216364.558
483	(1, 1): 57332.9124	(2, 2): 57332.9124	(3, 3): 57332.9124
484	(1, 1): 120925.349	(2, 2): 120925.349	(3, 3): 120925.349
485	(1, 1): 145455.151	(2, 2): 145455.151	(3, 3): 145455.151
486	(1, 1): 75688.0781	(2, 2): 75688.0781	(3, 3): 75688.0781
487	(1, 1): 364207.853	(2, 2): 364207.853	(3, 3): 364207.853
488	(1, 1): 542920.023	(2, 2): 542920.023	(3, 3): 542920.023
489	(1, 1): 897742.663	(2, 2): 897742.663	(3, 3): 897742.663
490	(1, 1): 1134871.16	(2, 2): 1134871.16	(3, 3): 1134871.16
491	(1, 1): 1354301.1	(2, 2): 1354301.1	(3, 3): 1354301.1
492	(1, 1): 1385736.73	(2, 2): 1385736.73	(3, 3): 1385736.73
493	(1, 1): 2095556.05	(2, 2): 2095556.05	(3, 3): 2095556.05
494	(1, 1): 1886134.97	(2, 2): 1886134.97	(3, 3): 1886134.97
495	(1, 1): 1622879.2	(2, 2): 1622879.2	(3, 3): 1622879.2
496	(1, 1): 1718664.19	(2, 2): 1718664.19	(3, 3): 1718664.19
497	(1, 1): 1292589.54	(2, 2): 1292589.54	(3, 3): 1292589.54
498	(1, 1): 1557090.23	(2, 2): 1557090.23	(3, 3): 1557090.23
499	(1, 1): 1238228.95	(2, 2): 1238228.95	(3, 3): 1238228.95
500	(1, 1): 2675340.83	(2, 2): 2675340.83	(3, 3): 2675340.83
501	(1, 1): 2626493.51	(2, 2): 2626493.51	(3, 3): 2626493.51
502	(1, 1): 2580701.07	(2, 2): 2580701.07	(3, 3): 2580701.07
503	(1, 1): 2310711.69	(2, 2): 2310711.69	(3, 3): 2310711.69
504	(1, 1): 2271823.14	(2, 2): 2271823.14	(3, 3): 2271823.14
505	(1, 1): 1663679.66	(2, 2): 1663679.66	(3, 3): 1663679.66
506	(1, 1): 1892041.55	(2, 2): 1892041.55	(3, 3): 1892041.55
507	(1, 1): 2698883.72	(2, 2): 2698883.72	(3, 3): 2698883.72
508	(1, 1): 2976811.03	(2, 2): 2976811.03	(3, 3): 2976811.03
509	(1, 1): 3526797.52	(2, 2): 3526797.52	(3, 3): 3526797.52
510	(1, 1): 2765263.11	(2, 2): 2765263.11	(3, 3): 2765263.11
511	(1, 1): 3320659.86	(2, 2): 3320659.86	(3, 3): 3320659.86
512	(1, 1): 2950041.38	(2, 2): 2950041.38	(3, 3): 2950041.38
513	(1, 1): 3437265.18	(2, 2): 3437265.18	(3, 3): 3437265.18
514	(1, 1): 3079244.79	(2, 2): 3079244.79	(3, 3): 3079244.79
515	(1, 1): 2868515.01	(2, 2): 2868515.01	(3, 3): 2868515.01
516	(1, 1): 3291281.27	(2, 2): 3291281.27	(3, 3): 3291281.27
517	(1, 1): 3185598.28	(2, 2): 3185598.28	(3, 3): 3185598.28
518	(1, 1): 2856344.57	(2, 2): 2856344.57	(3, 3): 2856344.57
519	(1, 1): 3632171.71	(2, 2): 3632171.71	(3, 3): 3632171.71
520	(1, 1): 3441155.06	(2, 2): 3441155.06	(3, 3): 3441155.06
521	(1, 1): 2837897.81	(2, 2): 2837897.81	(3, 3): 2837897.81
522	(1, 1): 2495042.49	(2, 2): 2495042.49	(3, 3): 2495042.49
523	(1, 1): 2665479.26	(2, 2): 2665479.26	(3, 3): 2665479.26
524	(1, 1): 2121914.36	(2, 2): 2121914.36	(3, 3): 2121914.36
525	(1, 1): 2220505.32	(2, 2): 2220505.32	(3, 3): 2220505.32
526	(1, 1): 1877368.11	(2, 2): 1877368.11	(3, 3): 1877368.11
527	(1, 1): 1470253.13	(2, 2): 1470253.13	(3, 3): 1470253.13
528	(1, 1): 1394291.6	(2, 2): 1394291.6	(3, 3): 1394291.6
529	(1, 1): 2059930.29	(2, 2): 2059930.29	(3, 3): 2059930.29
530	(1, 1): 1530356.68	(2, 2): 1530356.68	(3, 3): 1530356.68
531	(1, 1): 3113569.72	(2, 2): 3113569.72	(3, 3): 3113569.72
532	(1, 1): 3507507.78	(2, 2): 3507507.78	(3, 3): 3507507.78
533	(1, 1): 3676683.52	(2, 2): 3676683.52	(3, 3): 3676683.52
534	(1, 1): 3420167.77	(2, 2): 3420167.77	(3, 3): 3420167.77
535	(1, 1): 2278766.2	(2, 2): 2278766.2	(3, 3): 2278766.2
536	(1, 1): 2836403.02	(2, 2): 2836403.02	(3, 3): 2836403.02
537	(1, 1): 3267388.3	(2, 2): 3267388.3	(3, 3): 3267388.3
538	(1, 1): 2780363.14	(2, 2): 2780363.14	(3, 3): 2780363.14
539	(1, 1): 2551989.25	(2, 2): 2551989.25	(3, 3): 2551989.25
540	(1, 1): 2715280.46	(2, 2): 2715280.46	(3, 3): 2715280.46
541	(1, 1): 3263627.38	(2, 2): 3263627.38	(3, 3): 3263627.38
542	(1, 1): 2335881.84	(2, 2): 2335881.84	(3, 3): 2335881.84
543	(1, 1): 2811626.99	(2, 2): 2811626.99	(3, 3): 2811626.99
544	(1, 1): 2590034.76	(2, 2): 2590034.76	(3, 3): 2590034.76
545	(1, 1): 1815529.62	(2, 2): 1815529.62	(3, 3): 1815529.62
546	(1, 1): 3498317.85	(2, 2): 3498317.85	(3, 3): 3498317.85
547	(1, 1): 2719177.9	(2, 2): 2719177.9	(3, 3): 2719177.9
548	(1, 1): 1702275.07	(2, 2): 1702275.07	(3, 3): 1702275.07
549	(1, 1): 2283569.33	(2, 2): 2283569.33	(3, 3): 2283569.33
550	(1, 1): 2521447.58	(2, 2): 2521447.58	(3, 3): 2521447.58
551	(1, 1): 2055176.53	(2, 2): 2055176.53	(3, 3): 2055176.53
552	(1, 1): 3067213.81	(2, 2): 3067213.81	(3, 3): 3067213.81
553	(1, 1): 3341301.58	(2, 2): 3341301.58	(3, 3): 3341301.58
554	(1, 1): 3336645.21	(2, 2): 3336645.21	(3, 3): 3336645.21
555	(1, 1): 2630387.83	(2, 2): 2630387.83	(3, 3): 2630387.83
556	(1, 1): 2028318.48	(2, 2): 2028318.48	(3, 3): 2028318.48
557	(1, 1): 1719780.28	(2, 2): 1719780.28	(3, 3): 1719780.28
558	(1, 1): 2062512.59	(2, 2): 2062512.59	(3, 3): 2062512.59
559	(1, 1): 1984710.77	(2, 2): 1984710.77	(3, 3): 1984710.77
560	(1, 1): 2830333.51	(2, 2): 2830333.51	(3, 3): 2830333.51
561	(1, 1): 3508505.39	(2, 2): 3508505.39	(3, 3): 3508505.39
562	(1, 1): 3475153.25	(2, 2): 3475153.25	(3, 3): 3475153.25
