0	(1, 1): 100000000.0	(2, 2): 100000000.0	(3, 3): 100000000.0
1	(1, 1): 100000000.0	(2, 2): 100000000.0	(3, 3): 100000000.0
2	(1, 1): 100000000.0	(2, 2): 100000000.0	(3, 3): 100000000.0
3	(1, 1): 100000000.0	(2, 2): 100000000.0	(3, 3): 100000000.0
4	(1, 1): 100000000.0	(2, 2): 100000000.0	(3, 3): 100000000.0
5	(1, 1): 100000000.0	(2, 2): 100000000.0	(3, 3): 100000000.0
6	(1, 1): 100000000.0	(2, 2): 100000000.0	(3, 3): 100000000.0
7	(1, 1): 100000000.0	(2, 2): 100000000.0	(3, 3): 100000000.0
8	(1, 1): 100000000.0	(2, 2): 100000000.0	(3, 3): 100000000.0
9	(1, 1): 100000000.0	(2, 2): 100000000.0	(3, 3): 100000000.0
10	(1, 1): 100000000.0	(2, 2): 100000000.0	(3, 3): 100000000.0
