0	(3, 3): 10000.0
1	(3, 3): 10000.0
2	(3, 3): 10000.0
3	(3, 3): 10000.0
4	(3, 3): 10000.0
5	(3, 3): 10000.0
6	(3, 3): 10000.0
7	(3, 3): 10000.0
8	(3, 3): 10000.0
9	(3, 3): 10000.0
10	(3, 3): 10000.0
11	(3, 3): 10000.0
12	(3, 3): 10000.0
13	(3, 3): 10000.0
14	(3, 3): 10000.0
15	(3, 3): 10000.0
16	(3, 3): 10000.0
17	(3, 3): 10000.0
18	(3, 3): 10000.0
19	(3, 3): 10000.0
20	(3, 3): 10000.0
21	(3, 3): 10000.0
22	(3, 3): 10000.0
23	(3, 3): 10000.0
24	(3, 3): 10000.0
25	(3, 3): 10000.0
26	(3, 3): 10000.0
27	(3, 3): 10000.0
28	(3, 3): 10000.0
29	(3, 3): 10000.0
30	(3, 3): 10000.0
31	(3, 3): 10000.0
32	(3, 3): 10000.0
33	(3, 3): 10000.0
34	(3, 3): 10000.0
35	(3, 3): 10000.0
36	(3, 3): 10000.0
37	(3, 3): 10000.0
38	(3, 3): 10000.0
39	(3, 3): 10000.0
40	(3, 3): 10000.0
41	(3, 3): 10000.0
42	(3, 3): 10000.0
43	(3, 3): 10000.0
44	(3, 3): 10000.0
45	(3, 3): 10000.0
46	(3, 3): 10000.0
47	(3, 3): 10000.0
48	(3, 3): 10000.0
49	(3, 3): 10000.0
50	(3, 3): 10000.0
51	(3, 3): 10000.0
52	(3, 3): 10000.0
53	(3, 3): 10000.0
54	(3, 3): 10000.0
55	(3, 3): 10000.0
56	(3, 3): 10000.0
57	(3, 3): 10000.0
58	(3, 3): 10000.0
59	(3, 3): 10000.0
60	(3, 3): 10000.0
61	(3, 3): 10000.0
62	(3, 3): 10000.0
63	(3, 3): 10000.0
64	(3, 3): 10000.0
65	(3, 3): 10000.0
66	(3, 3): 10000.0
67	(3, 3): 10000.0
68	(3, 3): 10000.0
69	(3, 3): 10000.0
70	(3, 3): 10000.0
71	(3, 3): 10000.0
72	(3, 3): 10000.0
73	(3, 3): 10000.0
74	(3, 3): 10000.0
75	(3, 3): 10000.0
76	(3, 3): 10000.0
77	(3, 3): 10000.0
78	(3, 3): 10000.0
79	(3, 3): 10000.0
80	(3, 3): 10000.0
81	(3, 3): 10000.0
82	(3, 3): 10000.0
83	(3, 3): 10000.0
84	(3, 3): 10000.0
85	(3, 3): 10000.0
86	(3, 3): 10000.0
87	(3, 3): 10000.0
88	(3, 3): 10000.0
89	(3, 3): 10000.0
90	(3, 3): 10000.0
91	(3, 3): 10000.0
92	(3, 3): 10000.0
93	(3, 3): 10000.0
94	(3, 3): 10000.0
95	(3, 3): 10000.0
96	(3, 3): 10000.0
97	(3, 3): 10000.0
98	(3, 3): 10000.0
99	(3, 3): 10000.0
100	(3, 3): 10000.0
101	(3, 3): 10000.0
102	(3, 3): 10000.0
103	(3, 3): 10000.0
104	(3, 3): 10000.0
105	(3, 3): 10000.0
106	(3, 3): 10000.0
107	(3, 3): 10000.0
108	(3, 3): 10000.0
109	(3, 3): 10000.0
110	(3, 3): 10000.0
111	(3, 3): 10000.0
112	(3, 3): 10000.0
113	(3, 3): 10000.0
114	(3, 3): 10000.0
115	(3, 3): 10000.0
116	(3, 3): 10000.0
117	(3, 3): 10000.0
118	(3, 3): 10000.0
119	(3, 3): 10000.0
120	(3, 3): 10000.0
121	(3, 3): 10000.0
122	(3, 3): 10000.0
123	(3, 3): 10000.0
124	(3, 3): 10000.0
125	(3, 3): 10000.0
126	(3, 3): 10000.0
127	(3, 3): 10000.0
128	(3, 3): 10000.0
129	(3, 3): 10000.0
130	(3, 3): 10000.0
131	(3, 3): 10000.0
132	(3, 3): 10000.0
133	(3, 3): 10000.0
134	(3, 3): 10000.0
135	(3, 3): 10000.0
136	(3, 3): 10000.0
137	(3, 3): 10000.0
138	(3, 3): 10000.0
139	(3, 3): 10000.0
140	(3, 3): 10000.0
141	(3, 3): 10000.0
142	(3, 3): 10000.0
143	(3, 3): 10000.0
144	(3, 3): 10000.0
145	(3, 3): 10000.0
146	(3, 3): 10000.0
147	(3, 3): 10000.0
148	(3, 3): 10000.0
149	(3, 3): 10000.0
150	(3, 3): 10000.0
151	(3, 3): 10000.0
152	(3, 3): 10000.0
153	(3, 3): 10000.0
154	(3, 3): 10000.0
155	(3, 3): 10000.0
156	(3, 3): 10000.0
157	(3, 3): 10000.0
158	(3, 3): 10000.0
159	(3, 3): 10000.0
160	(3, 3): 10000.0
161	(3, 3): 10000.0
162	(3, 3): 10000.0
163	(3, 3): 10000.0
164	(3, 3): 10000.0
165	(3, 3): 10000.0
166	(3, 3): 10000.0
167	(3, 3): 10000.0
168	(3, 3): 10000.0
169	(3, 3): 10000.0
170	(3, 3): 10000.0
171	(3, 3): 10000.0
172	(3, 3): 10000.0
173	(3, 3): 10000.0
174	(3, 3): 10000.0
175	(3, 3): 10000.0
176	(3, 3): 10000.0
177	(3, 3): 10000.0
178	(3, 3): 10000.0
179	(3, 3): 10000.0
180	(3, 3): 10000.0
181	(3, 3): 10000.0
182	(3, 3): 10000.0
183	(3, 3): 10000.0
184	(3, 3): 10000.0
185	(3, 3): 10000.0
186	(3, 3): 10000.0
187	(3, 3): 10000.0
188	(3, 3): 10000.0
189	(3, 3): 10000.0
190	(3, 3): 10000.0
191	(3, 3): 10000.0
192	(3, 3): 10000.0
193	(3, 3): 10000.0
194	(3, 3): 10000.0
195	(3, 3): 10000.0
196	(3, 3): 10000.0
197	(3, 3): 10000.0
198	(3, 3): 10000.0
199	(3, 3): 10000.0
200	(3, 3): 10000.0
201	(3, 3): 10000.0
202	(3, 3): 10000.0
203	(3, 3): 10000.0
204	(3, 3): 10000.0
205	(3, 3): 10000.0
206	(3, 3): 10000.0
207	(3, 3): 10000.0
208	(3, 3): 10000.0
209	(3, 3): 10000.0
210	(3, 3): 10000.0
211	(3, 3): 10000.0
212	(3, 3): 10000.0
213	(3, 3): 10000.0
214	(3, 3): 10000.0
215	(3, 3): 10000.0
216	(3, 3): 10000.0
217	(3, 3): 10000.0
218	(3, 3): 10000.0
219	(3, 3): 10000.0
220	(3, 3): 10000.0
221	(3, 3): 10000.0
222	(3, 3): 10000.0
223	(3, 3): 10000.0
224	(3, 3): 10000.0
225	(3, 3): 10000.0
226	(3, 3): 10000.0
227	(3, 3): 10000.0
228	(3, 3): 10000.0
229	(3, 3): 10000.0
230	(3, 3): 10000.0
231	(3, 3): 10000.0
232	(3, 3): 10000.0
233	(3, 3): 10000.0
234	(3, 3): 10000.0
235	(3, 3): 10000.0
236	(3, 3): 10000.0
237	(3, 3): 10000.0
238	(3, 3): 10000.0
239	(3, 3): 10000.0
240	(3, 3): 10000.0
241	(3, 3): 10000.0
242	(3, 3): 10000.0
243	(3, 3): 10000.0
244	(3, 3): 10000.0
245	(3, 3): 10000.0
246	(3, 3): 10000.0
247	(3, 3): 10000.0
248	(3, 3): 10000.0
249	(3, 3): 10000.0
250	(3, 3): 10000.0
251	(3, 3): 10000.0
252	(3, 3): 10000.0
253	(3, 3): 10000.0
254	(3, 3): 10000.0
255	(3, 3): 10000.0
256	(3, 3): 10000.0
257	(3, 3): 10000.0
258	(3, 3): 10000.0
259	(3, 3): 10000.0
260	(3, 3): 10000.0
261	(3, 3): 10000.0
262	(3, 3): 10000.0
263	(3, 3): 10000.0
264	(3, 3): 10000.0
265	(3, 3): 10000.0
266	(3, 3): 10000.0
267	(3, 3): 10000.0
268	(3, 3): 10000.0
269	(3, 3): 10000.0
270	(3, 3): 10000.0
271	(3, 3): 10000.0
272	(3, 3): 10000.0
273	(3, 3): 10000.0
274	(3, 3): 10000.0
275	(3, 3): 10000.0
276	(3, 3): 10000.0
277	(3, 3): 10000.0
278	(3, 3): 10000.0
279	(3, 3): 10000.0
280	(3, 3): 10000.0
281	(3, 3): 10000.0
282	(3, 3): 10000.0
283	(3, 3): 10000.0
284	(3, 3): 10000.0
285	(3, 3): 10000.0
286	(3, 3): 10000.0
287	(3, 3): 10000.0
288	(3, 3): 10000.0
289	(3, 3): 10000.0
290	(3, 3): 10000.0
291	(3, 3): 10000.0
292	(3, 3): 10000.0
293	(3, 3): 10000.0
294	(3, 3): 10000.0
295	(3, 3): 10000.0
296	(3, 3): 10000.0
297	(3, 3): 10000.0
298	(3, 3): 10000.0
299	(3, 3): 10000.0
300	(3, 3): 10000.0
301	(3, 3): 10000.0
302	(3, 3): 10000.0
303	(3, 3): 10000.0
304	(3, 3): 10000.0
305	(3, 3): 10000.0
306	(3, 3): 10000.0
307	(3, 3): 10000.0
308	(3, 3): 10000.0
309	(3, 3): 10000.0
310	(3, 3): 10000.0
311	(3, 3): 10000.0
312	(3, 3): 10000.0
313	(3, 3): 10000.0
314	(3, 3): 10000.0
315	(3, 3): 10000.0
316	(3, 3): 10000.0
317	(3, 3): 10000.0
318	(3, 3): 10000.0
319	(3, 3): 10000.0
320	(3, 3): 10000.0
321	(3, 3): 10000.0
322	(3, 3): 10000.0
323	(3, 3): 10000.0
324	(3, 3): 10000.0
325	(3, 3): 10000.0
326	(3, 3): 10000.0
327	(3, 3): 10000.0
328	(3, 3): 10000.0
329	(3, 3): 10000.0
330	(3, 3): 10000.0
331	(3, 3): 10000.0
332	(3, 3): 10000.0
333	(3, 3): 10000.0
334	(3, 3): 10000.0
335	(3, 3): 10000.0
336	(3, 3): 10000.0
337	(3, 3): 10000.0
338	(3, 3): 10000.0
339	(3, 3): 10000.0
340	(3, 3): 10000.0
341	(3, 3): 10000.0
342	(3, 3): 10000.0
343	(3, 3): 10000.0
344	(3, 3): 10000.0
345	(3, 3): 10000.0
346	(3, 3): 10000.0
347	(3, 3): 10000.0
348	(3, 3): 10000.0
349	(3, 3): 10000.0
350	(3, 3): 10000.0
351	(3, 3): 10000.0
352	(3, 3): 10000.0
353	(3, 3): 10000.0
354	(3, 3): 10000.0
355	(3, 3): 10000.0
356	(3, 3): 10000.0
357	(3, 3): 10000.0
358	(3, 3): 10000.0
359	(3, 3): 10000.0
360	(3, 3): 10000.0
361	(3, 3): 10000.0
362	(3, 3): 10000.0
363	(3, 3): 10000.0
364	(3, 3): 10000.0
365	(3, 3): 10000.0
366	(3, 3): 10000.0
367	(3, 3): 10000.0
368	(3, 3): 10000.0
369	(3, 3): 10000.0
370	(3, 3): 10000.0
371	(3, 3): 10000.0
372	(3, 3): 10000.0
373	(3, 3): 10000.0
374	(3, 3): 10000.0
375	(3, 3): 10000.0
376	(3, 3): 10000.0
377	(3, 3): 10000.0
378	(3, 3): 10000.0
379	(3, 3): 10000.0
380	(3, 3): 10000.0
381	(3, 3): 10000.0
382	(3, 3): 10000.0
383	(3, 3): 10000.0
384	(3, 3): 10000.0
385	(3, 3): 10000.0
386	(3, 3): 10000.0
387	(3, 3): 10000.0
388	(3, 3): 10000.0
389	(3, 3): 10000.0
390	(3, 3): 10000.0
391	(3, 3): 10000.0
392	(3, 3): 10000.0
393	(3, 3): 10000.0
394	(3, 3): 10000.0
395	(3, 3): 10000.0
396	(3, 3): 10000.0
397	(3, 3): 10000.0
398	(3, 3): 10000.0
399	(3, 3): 10000.0
400	(3, 3): 10000.0
401	(3, 3): 10000.0
402	(3, 3): 10000.0
403	(3, 3): 10000.0
404	(3, 3): 10000.0
405	(3, 3): 10000.0
406	(3, 3): 10000.0
407	(3, 3): 10000.0
408	(3, 3): 10000.0
409	(3, 3): 10000.0
410	(3, 3): 10000.0
411	(3, 3): 10000.0
412	(3, 3): 10000.0
413	(3, 3): 10000.0
414	(3, 3): 10000.0
415	(3, 3): 10000.0
416	(3, 3): 10000.0
417	(3, 3): 10000.0
418	(3, 3): 10000.0
419	(3, 3): 10000.0
420	(3, 3): 10000.0
421	(3, 3): 10000.0
422	(3, 3): 10000.0
423	(3, 3): 10000.0
424	(3, 3): 10000.0
425	(3, 3): 10000.0
426	(3, 3): 10000.0
427	(3, 3): 10000.0
428	(3, 3): 10000.0
429	(3, 3): 10000.0
430	(3, 3): 10000.0
431	(3, 3): 10000.0
432	(3, 3): 10000.0
433	(3, 3): 10000.0
434	(3, 3): 10000.0
435	(3, 3): 10000.0
436	(3, 3): 10000.0
437	(3, 3): 10000.0
438	(3, 3): 10000.0
439	(3, 3): 10000.0
440	(3, 3): 10000.0
441	(3, 3): 10000.0
442	(3, 3): 10000.0
443	(3, 3): 10000.0
444	(3, 3): 10000.0
445	(3, 3): 10000.0
446	(3, 3): 10000.0
447	(3, 3): 10000.0
448	(3, 3): 10000.0
449	(3, 3): 10000.0
450	(3, 3): 10000.0
451	(3, 3): 10000.0
452	(3, 3): 10000.0
453	(3, 3): 10000.0
454	(3, 3): 10000.0
455	(3, 3): 10000.0
456	(3, 3): 10000.0
457	(3, 3): 10000.0
458	(3, 3): 10000.0
459	(3, 3): 10000.0
460	(3, 3): 10000.0
461	(3, 3): 10000.0
462	(3, 3): 10000.0
463	(3, 3): 10000.0
464	(3, 3): 10000.0
465	(3, 3): 10000.0
466	(3, 3): 10000.0
467	(3, 3): 10000.0
468	(3, 3): 10000.0
469	(3, 3): 10000.0
470	(3, 3): 10000.0
471	(3, 3): 10000.0
472	(3, 3): 10000.0
473	(3, 3): 10000.0
474	(3, 3): 10000.0
475	(3, 3): 10000.0
476	(3, 3): 10000.0
477	(3, 3): 10000.0
478	(3, 3): 10000.0
479	(3, 3): 10000.0
480	(3, 3): 10000.0
481	(3, 3): 10000.0
482	(3, 3): 10000.0
483	(3, 3): 10000.0
484	(3, 3): 10000.0
485	(3, 3): 10000.0
486	(3, 3): 10000.0
487	(3, 3): 10000.0
488	(3, 3): 10000.0
489	(3, 3): 10000.0
490	(3, 3): 10000.0
491	(3, 3): 10000.0
492	(3, 3): 10000.0
493	(3, 3): 10000.0
494	(3, 3): 10000.0
495	(3, 3): 10000.0
496	(3, 3): 10000.0
497	(3, 3): 10000.0
498	(3, 3): 10000.0
499	(3, 3): 10000.0
500	(3, 3): 10000.0
501	(3, 3): 10000.0
502	(3, 3): 10000.0
503	(3, 3): 10000.0
504	(3, 3): 10000.0
505	(3, 3): 10000.0
506	(3, 3): 10000.0
507	(3, 3): 10000.0
508	(3, 3): 10000.0
509	(3, 3): 10000.0
510	(3, 3): 10000.0
511	(3, 3): 10000.0
512	(3, 3): 10000.0
513	(3, 3): 10000.0
514	(3, 3): 10000.0
515	(3, 3): 10000.0
516	(3, 3): 10000.0
517	(3, 3): 10000.0
518	(3, 3): 10000.0
519	(3, 3): 10000.0
520	(3, 3): 10000.0
521	(3, 3): 10000.0
522	(3, 3): 10000.0
523	(3, 3): 10000.0
524	(3, 3): 10000.0
525	(3, 3): 10000.0
526	(3, 3): 10000.0
527	(3, 3): 10000.0
528	(3, 3): 10000.0
529	(3, 3): 10000.0
530	(3, 3): 10000.0
531	(3, 3): 10000.0
532	(3, 3): 10000.0
533	(3, 3): 10000.0
534	(3, 3): 10000.0
535	(3, 3): 10000.0
536	(3, 3): 10000.0
537	(3, 3): 10000.0
538	(3, 3): 10000.0
539	(3, 3): 10000.0
540	(3, 3): 10000.0
541	(3, 3): 10000.0
542	(3, 3): 10000.0
543	(3, 3): 10000.0
544	(3, 3): 10000.0
545	(3, 3): 10000.0
546	(3, 3): 10000.0
547	(3, 3): 10000.0
548	(3, 3): 10000.0
549	(3, 3): 10000.0
550	(3, 3): 10000.0
551	(3, 3): 10000.0
552	(3, 3): 10000.0
553	(3, 3): 10000.0
554	(3, 3): 10000.0
555	(3, 3): 10000.0
556	(3, 3): 10000.0
557	(3, 3): 10000.0
558	(3, 3): 10000.0
559	(3, 3): 10000.0
560	(3, 3): 10000.0
561	(3, 3): 10000.0
562	(3, 3): 10000.0
