0	(2, 2): 897.740875	(3, 3): 897.740875
1	(2, 2): 868.904703	(3, 3): 868.904703
2	(2, 2): 675.733616	(3, 3): 675.733616
3	(2, 2): 370.855765	(3, 3): 370.855765
4	(2, 2): 370.805891	(3, 3): 370.805891
5	(2, 2): 166.689333	(3, 3): 166.689333
6	(2, 2): 213.235478	(3, 3): 213.235478
7	(2, 2): 208.642873	(3, 3): 208.642873
8	(2, 2): 229.931408	(3, 3): 229.931408
9	(2, 2): 647.248657	(3, 3): 647.248657
10	(2, 2): 849.093407	(3, 3): 849.093407
11	(2, 2): 575.108135	(3, 3): 575.108135
12	(2, 2): 357.398205	(3, 3): 357.398205
13	(2, 2): 199.755469	(3, 3): 199.755469
14	(2, 2): 118.205786	(3, 3): 118.205786
15	(2, 2): 167.551857	(3, 3): 167.551857
16	(2, 2): 203.69235	(3, 3): 203.69235
17	(2, 2): 497.212006	(3, 3): 497.212006
18	(2, 2): 417.770705	(3, 3): 417.770705
19	(2, 2): 702.259526	(3, 3): 702.259526
20	(2, 2): 701.818988	(3, 3): 701.818988
21	(2, 2): 569.282077	(3, 3): 569.282077
22	(2, 2): 816.293268	(3, 3): 816.293268
23	(2, 2): 880.775118	(3, 3): 880.775118
24	(2, 2): 650.448323	(3, 3): 650.448323
25	(2, 2): 645.523537	(3, 3): 645.523537
26	(2, 2): 660.826765	(3, 3): 660.826765
27	(2, 2): 874.649553	(3, 3): 874.649553
28	(2, 2): 621.041017	(3, 3): 621.041017
29	(2, 2): 321.020609	(3, 3): 321.020609
30	(2, 2): 111.089618	(3, 3): 111.089618
31	(2, 2): 200.264454	(3, 3): 200.264454
32	(2, 2): 199.46027	(3, 3): 199.46027
33	(2, 2): 451.569461	(3, 3): 451.569461
34	(2, 2): 736.839634	(3, 3): 736.839634
35	(2, 2): 1050.35526	(3, 3): 1050.35526
36	(2, 2): 1064.8197	(3, 3): 1064.8197
