0	(3, 3): 1817.62046
1	(3, 3): 880.94816
2	(3, 3): 1579.59925
3	(3, 3): 1370.21219
4	(3, 3): 3502.27069
5	(3, 3): 2296.49062
6	(3, 3): 1664.95223
7	(3, 3): 2983.05541
8	(3, 3): 2517.18677
9	(3, 3): 2122.70041
10	(3, 3): 3967.34107
11	(3, 3): 2170.36978
12	(3, 3): 1225.75293
13	(3, 3): 1964.12461
14	(3, 3): 2881.54931
15	(3, 3): 3135.68659
16	(3, 3): 3908.50538
17	(3, 3): 4704.37882
18	(3, 3): 4064.57712
19	(3, 3): 3686.72121
20	(3, 3): 4790.67342
21	(3, 3): 4874.23036
22	(3, 3): 4878.37038
23	(3, 3): 3856.44771
24	(3, 3): 4075.73985
25	(3, 3): 4690.35985
26	(3, 3): 4138.20013
27	(3, 3): 3633.85779
28	(3, 3): 3218.06488
29	(3, 3): 3495.93434
30	(3, 3): 3408.7014
31	(3, 3): 2347.86472
32	(3, 3): 2419.6755
33	(3, 3): 3517.04753
34	(3, 3): 3582.83531
35	(3, 3): 2312.11706
36	(3, 3): 3074.42282
37	(3, 3): 4216.65572
38	(3, 3): 4889.15332
39	(3, 3): 4322.17848
40	(3, 3): 4971.81608
41	(3, 3): 4420.22547
42	(3, 3): 3023.74391
43	(3, 3): 3195.24063
44	(3, 3): 4414.13026
45	(3, 3): 3728.19453
46	(3, 3): 2312.42769
47	(3, 3): 2264.14131
48	(3, 3): 1993.23007
49	(3, 3): 1593.99957
50	(3, 3): 1972.61143
51	(3, 3): 2365.94464
52	(3, 3): 4237.61257
53	(3, 3): 3551.60526
54	(3, 3): 2699.84663
55	(3, 3): 3204.57823
56	(3, 3): 4236.76986
57	(3, 3): 4079.09864
58	(3, 3): 4648.56334
59	(3, 3): 4080.30504
60	(3, 3): 4754.77529
61	(3, 3): 4103.22272
62	(3, 3): 4990.87098
63	(3, 3): 3374.47106
64	(3, 3): 3734.03954
65	(3, 3): 3676.4252
66	(3, 3): 3188.9223
67	(3, 3): 4272.11671
68	(3, 3): 2398.6221
69	(3, 3): 2021.03179
70	(3, 3): 3292.63691
71	(3, 3): 4271.94748
72	(3, 3): 4099.26122
73	(3, 3): 4078.38856
74	(3, 3): 3903.72166
75	(3, 3): 3420.66577
76	(3, 3): 3439.62941
77	(3, 3): 3710.75565
78	(3, 3): 3318.68443
79	(3, 3): 4356.1682
80	(3, 3): 4733.54898
81	(3, 3): 4119.70463
82	(3, 3): 2742.11645
83	(3, 3): 3356.09048
84	(3, 3): 3266.31344
85	(3, 3): 3053.31624
86	(3, 3): 4076.84422
87	(3, 3): 3057.27935
88	(3, 3): 2619.18877
89	(3, 3): 857.987915
90	(3, 3): 296.985979
91	(3, 3): 1111.67058
92	(3, 3): -176.748738
93	(3, 3): 1104.23753
94	(3, 3): 940.688248
95	(3, 3): 1833.74874
96	(3, 3): 2012.17227
97	(3, 3): 732.467451
98	(3, 3): 334.602221
99	(3, 3): -123.205382
100	(3, 3): 1893.19292
101	(3, 3): 2927.72375
102	(3, 3): 4722.59218
103	(3, 3): 4283.43862
104	(3, 3): 3656.35313
105	(3, 3): 2935.01397
106	(3, 3): 3367.4068
107	(3, 3): 3083.84138
108	(3, 3): 2886.2677
109	(3, 3): 2593.1615
110	(3, 3): 3438.26907
111	(3, 3): 3434.77336
112	(3, 3): 4346.60266
113	(3, 3): 4420.75361
114	(3, 3): 4179.37157
115	(3, 3): 3442.30458
116	(3, 3): 3156.66329
117	(3, 3): 2312.30524
118	(3, 3): 1477.74457
119	(3, 3): 429.006015
120	(3, 3): 358.002814
121	(3, 3): -1684.51747
122	(3, 3): -2225.27857
123	(3, 3): -1430.71984
124	(3, 3): -1005.91154
125	(3, 3): -2630.68668
126	(3, 3): -4104.33992
127	(3, 3): -2055.29474
128	(3, 3): -2902.21644
129	(3, 3): -1918.53471
130	(3, 3): -2504.31862
131	(3, 3): -2584.28137
132	(3, 3): -1590.06502
133	(3, 3): -2388.88933
134	(3, 3): -1372.92125
135	(3, 3): 184.915028
136	(3, 3): 834.805126
137	(3, 3): -12.0912659
138	(3, 3): -1016.34934
139	(3, 3): -1576.12185
140	(3, 3): -1008.97039
141	(3, 3): -1015.85517
142	(3, 3): -1215.49581
143	(3, 3): -603.472027
144	(3, 3): -1103.37106
145	(3, 3): -2264.92106
146	(3, 3): -2278.63468
147	(3, 3): -1224.76158
148	(3, 3): -2476.96537
149	(3, 3): -3292.3424
150	(3, 3): -4093.0136
151	(3, 3): -3899.20817
152	(3, 3): -4383.14846
153	(3, 3): -4357.04308
154	(3, 3): -3754.72255
155	(3, 3): -3774.6281
156	(3, 3): -3286.91564
157	(3, 3): -3390.66125
158	(3, 3): -2904.50148
159	(3, 3): -3475.83334
160	(3, 3): -1333.19558
161	(3, 3): 178.478615
162	(3, 3): -1002.10805
163	(3, 3): -842.016005
164	(3, 3): -1245.50228
165	(3, 3): 93.0190722
166	(3, 3): 56.2158204
167	(3, 3): -478.696718
168	(3, 3): -1483.21723
169	(3, 3): -1575.42148
170	(3, 3): -2205.16239
171	(3, 3): -1175.58051
172	(3, 3): -1409.55916
173	(3, 3): -728.290807
174	(3, 3): -1562.14778
175	(3, 3): -882.246981
176	(3, 3): -162.887127
177	(3, 3): 349.936863
178	(3, 3): -274.863629
179	(3, 3): -1340.12103
180	(3, 3): 299.299729
181	(3, 3): 1242.18501
182	(3, 3): 189.740895
183	(3, 3): -434.804586
184	(3, 3): -1695.55848
185	(3, 3): -2054.41914
186	(3, 3): -1614.52155
187	(3, 3): -1727.88455
188	(3, 3): -2684.09558
189	(3, 3): -3309.06145
190	(3, 3): -4285.40617
191	(3, 3): -2912.81676
192	(3, 3): -4084.96349
193	(3, 3): -3650.12926
194	(3, 3): -2734.55873
195	(3, 3): -1624.83935
196	(3, 3): -1694.77989
197	(3, 3): -1498.44363
198	(3, 3): -667.968121
199	(3, 3): -461.362624
200	(3, 3): -237.485698
201	(3, 3): 1013.52605
202	(3, 3): 623.812771
203	(3, 3): -43.382674
204	(3, 3): -2002.93977
205	(3, 3): -1965.35201
206	(3, 3): -1786.74715
207	(3, 3): -3645.8736
208	(3, 3): -3875.92269
209	(3, 3): -4342.39685
210	(3, 3): -2623.69244
211	(3, 3): -2878.99613
212	(3, 3): -3002.07322
213	(3, 3): -2119.68794
214	(3, 3): -1175.09007
215	(3, 3): -1698.92296
216	(3, 3): -3053.66774
217	(3, 3): -2441.695
218	(3, 3): -2874.25177
219	(3, 3): -1686.40006
220	(3, 3): -811.610674
221	(3, 3): -782.113617
222	(3, 3): 335.359302
223	(3, 3): 1494.59532
224	(3, 3): 962.553075
225	(3, 3): 2148.83562
226	(3, 3): 2810.05633
227	(3, 3): 2671.26444
228	(3, 3): 2856.57585
229	(3, 3): 3938.03059
230	(3, 3): 3347.65137
231	(3, 3): 3671.62103
232	(3, 3): 3415.99726
233	(3, 3): 2685.13133
234	(3, 3): 2326.37281
235	(3, 3): 2019.26351
236	(3, 3): 1806.02458
237	(3, 3): 928.573828
238	(3, 3): 921.60143
239	(3, 3): 934.383414
240	(3, 3): 1069.57943
241	(3, 3): 438.993514
242	(3, 3): 1977.19547
243	(3, 3): 1750.33478
244	(3, 3): 3193.65408
245	(3, 3): 2673.63923
246	(3, 3): 2365.35906
247	(3, 3): 2305.49885
248	(3, 3): 1597.50489
249	(3, 3): 1128.57497
250	(3, 3): 2041.89046
251	(3, 3): 3272.419
252	(3, 3): 3233.80448
253	(3, 3): 3161.61863
254	(3, 3): 4117.70714
255	(3, 3): 3938.00263
256	(3, 3): 3070.92321
257	(3, 3): 2357.85067
258	(3, 3): 1662.82641
259	(3, 3): 1922.84152
260	(3, 3): 1272.23224
261	(3, 3): 2390.24121
262	(3, 3): 4737.62452
263	(3, 3): 4302.16934
264	(3, 3): 4742.9374
265	(3, 3): 4693.69811
266	(3, 3): 4329.85213
267	(3, 3): 4827.66501
268	(3, 3): 4711.78814
269	(3, 3): 4352.10976
270	(3, 3): 2464.72243
271	(3, 3): 3211.69242
272	(3, 3): 3353.48343
273	(3, 3): 4526.15706
274	(3, 3): 4892.11792
275	(3, 3): 4629.18191
276	(3, 3): 4769.50236
277	(3, 3): 3614.82394
278	(3, 3): 4541.62108
279	(3, 3): 2692.41711
280	(3, 3): 1858.74304
281	(3, 3): 1857.4358
282	(3, 3): 1735.63876
283	(3, 3): -831.732978
284	(3, 3): -484.32577
285	(3, 3): -3.54604412
286	(3, 3): 611.535687
287	(3, 3): 399.359506
288	(3, 3): 1314.55395
289	(3, 3): 2426.24435
290	(3, 3): 2259.67726
291	(3, 3): 4064.31116
292	(3, 3): 4222.16278
293	(3, 3): 2923.2673
294	(3, 3): 2895.10536
295	(3, 3): 4889.39766
296	(3, 3): 3104.44909
297	(3, 3): 3361.45138
298	(3, 3): 2520.49659
299	(3, 3): 2200.24621
300	(3, 3): 415.235929
301	(3, 3): 906.723984
302	(3, 3): -364.560622
303	(3, 3): -903.395038
304	(3, 3): -912.457095
305	(3, 3): -1107.02434
306	(3, 3): -1307.79766
307	(3, 3): -1257.42128
308	(3, 3): -2948.11182
309	(3, 3): -3015.33299
310	(3, 3): -2648.32248
311	(3, 3): -3028.35495
312	(3, 3): -3224.66411
313	(3, 3): -4237.98553
314	(3, 3): -4958.75045
315	(3, 3): -2876.58013
316	(3, 3): -2690.57326
317	(3, 3): -4782.5693
318	(3, 3): -4822.6477
319	(3, 3): -4346.59324
320	(3, 3): -4317.16244
321	(3, 3): -4181.75742
322	(3, 3): -3787.65846
323	(3, 3): -2478.00586
324	(3, 3): -2271.67831
325	(3, 3): -3194.14931
326	(3, 3): -3779.70107
327	(3, 3): -3692.19205
328	(3, 3): -3684.15109
329	(3, 3): -3478.61826
330	(3, 3): -4433.97748
331	(3, 3): -3247.81631
332	(3, 3): -4048.94694
333	(3, 3): -3942.42438
334	(3, 3): -3899.90553
335	(3, 3): -3680.43682
336	(3, 3): -2868.28879
337	(3, 3): -2838.27453
338	(3, 3): -2298.32036
339	(3, 3): -3219.07435
340	(3, 3): -3843.35045
341	(3, 3): -4110.143
342	(3, 3): -4786.96303
343	(3, 3): -4257.5937
344	(3, 3): -3421.13102
345	(3, 3): -3004.49105
346	(3, 3): -3201.07785
347	(3, 3): -3540.70404
348	(3, 3): -3037.63204
349	(3, 3): -2807.88294
350	(3, 3): -2169.95067
351	(3, 3): -1286.04537
352	(3, 3): -1610.26839
353	(3, 3): -458.889414
354	(3, 3): 1056.79273
355	(3, 3): 244.604457
356	(3, 3): 1864.48023
357	(3, 3): 2209.7008
358	(3, 3): 3684.61567
359	(3, 3): 4311.16682
360	(3, 3): 3647.34546
361	(3, 3): 3726.30868
362	(3, 3): 4995.6946
363	(3, 3): 4544.82607
364	(3, 3): 4998.27924
365	(3, 3): 4979.78203
366	(3, 3): 4245.81796
367	(3, 3): 3078.94688
368	(3, 3): 2908.51181
369	(3, 3): 4361.58019
370	(3, 3): 3309.37489
371	(3, 3): 2802.84739
372	(3, 3): 2745.95756
373	(3, 3): 4108.52757
374	(3, 3): 2823.13736
375	(3, 3): 2956.13593
376	(3, 3): 2500.61078
377	(3, 3): 1985.60634
378	(3, 3): 2397.02501
379	(3, 3): 3364.31023
380	(3, 3): 3564.87342
381	(3, 3): 4627.1699
382	(3, 3): 4571.21261
383	(3, 3): 4529.3236
384	(3, 3): 3813.05126
385	(3, 3): 4376.18859
386	(3, 3): 3584.10131
387	(3, 3): 4619.5407
388	(3, 3): 3686.36142
389	(3, 3): 3330.10584
390	(3, 3): 4020.62205
391	(3, 3): 4611.29686
392	(3, 3): 4964.21692
393	(3, 3): 4095.73486
394	(3, 3): 3415.49097
395	(3, 3): 3895.64527
396	(3, 3): 3827.04656
397	(3, 3): 2748.9775
398	(3, 3): 4690.64439
399	(3, 3): 4983.64617
400	(3, 3): 4241.98572
401	(3, 3): 4332.17662
402	(3, 3): 4727.09069
403	(3, 3): 4412.1014
404	(3, 3): 4924.4249
405	(3, 3): 4061.31152
406	(3, 3): 3151.97412
407	(3, 3): 2753.24396
408	(3, 3): 2109.80504
409	(3, 3): 1098.41739
410	(3, 3): 785.010403
411	(3, 3): 924.16177
412	(3, 3): 2746.11313
413	(3, 3): 3621.13779
414	(3, 3): 4906.30231
415	(3, 3): 3706.81265
416	(3, 3): 2731.71963
417	(3, 3): 1518.23066
418	(3, 3): -479.208499
419	(3, 3): -495.05006
420	(3, 3): 48.8826938
421	(3, 3): 640.193514
422	(3, 3): 84.3695175
423	(3, 3): -2047.18875
424	(3, 3): -2169.91244
425	(3, 3): -1141.65394
426	(3, 3): -1702.45951
427	(3, 3): -1459.12706
428	(3, 3): -1636.38276
429	(3, 3): -1630.1982
430	(3, 3): -1285.75634
431	(3, 3): -1828.2714
432	(3, 3): -1813.68229
433	(3, 3): -1454.82571
434	(3, 3): -1844.93524
435	(3, 3): -294.704014
436	(3, 3): -839.685948
437	(3, 3): -1075.81979
438	(3, 3): -647.45316
439	(3, 3): -1007.16495
440	(3, 3): 87.8124454
441	(3, 3): 809.395779
442	(3, 3): 2762.98551
443	(3, 3): 3366.51007
444	(3, 3): 2860.87481
445	(3, 3): 1718.12578
446	(3, 3): 2413.015
447	(3, 3): 2751.92691
448	(3, 3): 2235.75098
449	(3, 3): 2772.04543
450	(3, 3): 2969.38984
451	(3, 3): 3477.12564
452	(3, 3): 2933.97274
453	(3, 3): 3330.89942
454	(3, 3): 2669.93274
455	(3, 3): 2356.13067
456	(3, 3): 1769.36671
457	(3, 3): 1634.40435
458	(3, 3): 1259.48281
459	(3, 3): 2249.27351
460	(3, 3): 1597.59644
461	(3, 3): 779.546622
462	(3, 3): 1076.20602
463	(3, 3): 428.200909
464	(3, 3): 181.92047
465	(3, 3): -341.456577
466	(3, 3): 12.250494
467	(3, 3): -622.375491
468	(3, 3): -141.09798
469	(3, 3): -759.484606
470	(3, 3): -2279.63666
471	(3, 3): -3288.22391
472	(3, 3): -3010.23776
473	(3, 3): -4312.56652
474	(3, 3): -4797.39146
475	(3, 3): -4153.18903
476	(3, 3): -2626.40992
477	(3, 3): -1403.21408
478	(3, 3): -1381.32413
479	(3, 3): 873.913074
480	(3, 3): 1357.76042
481	(3, 3): 1620.77038
482	(3, 3): 876.932329
483	(3, 3): -488.760421
484	(3, 3): -16.4303266
485	(3, 3): -588.324714
486	(3, 3): -1646.36723
487	(3, 3): -968.290683
488	(3, 3): -2055.63427
489	(3, 3): -1525.64087
490	(3, 3): -49.9322236
491	(3, 3): -114.238873
492	(3, 3): 101.991216
493	(3, 3): 1850.56056
494	(3, 3): 519.001678
495	(3, 3): -806.336987
496	(3, 3): 46.3898373
497	(3, 3): -501.397327
498	(3, 3): -546.552076
499	(3, 3): -546.818353
500	(3, 3): 95.1808951
501	(3, 3): 924.307457
502	(3, 3): 1963.68235
503	(3, 3): 3364.62124
504	(3, 3): 2849.08989
505	(3, 3): 2846.69774
506	(3, 3): 2320.97524
507	(3, 3): 1320.91319
508	(3, 3): -334.618712
509	(3, 3): -1019.44362
510	(3, 3): -1563.70268
511	(3, 3): -2958.18903
512	(3, 3): -2494.647
513	(3, 3): -2454.53002
514	(3, 3): -3332.72958
515	(3, 3): -4271.99239
516	(3, 3): -3819.11968
517	(3, 3): -3502.75869
518	(3, 3): -2550.18717
519	(3, 3): -3090.14444
520	(3, 3): -2405.18288
521	(3, 3): -2567.14722
522	(3, 3): -3136.23824
523	(3, 3): -2708.99375
524	(3, 3): -4089.17109
525	(3, 3): -4168.96715
526	(3, 3): -3324.71565
527	(3, 3): -1356.34014
528	(3, 3): -1632.89395
529	(3, 3): 581.234429
530	(3, 3): 2489.42712
531	(3, 3): 3443.55917
532	(3, 3): 2063.99347
533	(3, 3): 2454.76184
534	(3, 3): 2115.33328
535	(3, 3): 1166.08135
536	(3, 3): 2490.50367
537	(3, 3): 2026.77121
538	(3, 3): 3967.7257
539	(3, 3): 2787.40002
540	(3, 3): 1755.36305
541	(3, 3): 1002.9394
542	(3, 3): 1005.77063
543	(3, 3): 1277.30402
544	(3, 3): 1155.42377
545	(3, 3): 1021.52008
546	(3, 3): 253.13376
547	(3, 3): -1353.97341
548	(3, 3): -2223.4647
549	(3, 3): -1413.90396
550	(3, 3): -2913.27263
551	(3, 3): -2762.74093
552	(3, 3): -4511.31195
553	(3, 3): -4960.52811
554	(3, 3): -4360.67197
555	(3, 3): -4034.23068
556	(3, 3): -3765.7663
557	(3, 3): -2409.27581
558	(3, 3): -3420.55478
559	(3, 3): -4584.5232
560	(3, 3): -4661.4079
561	(3, 3): -3709.73984
562	(3, 3): -3428.46476
