0	(3, 3): 0.189294816
1	(3, 3): 0.0626733679
2	(3, 3): 0.195426661
3	(3, 3): 0.110432062
4	(3, 3): 0.0741940053
5	(3, 3): 0.0692897209
6	(3, 3): 0.187445123
7	(3, 3): 0.121730987
8	(3, 3): 0.216000616
9	(3, 3): 0.381747719
10	(3, 3): 0.419778968
11	(3, 3): 0.303516613
12	(3, 3): 0.360305493
13	(3, 3): 0.337846224
14	(3, 3): 0.358395016
15	(3, 3): 0.355628373
16	(3, 3): 0.371466397
17	(3, 3): 0.38725331
18	(3, 3): 0.350100433
19	(3, 3): 0.370203414
20	(3, 3): 0.388335215
21	(3, 3): 0.351797756
22	(3, 3): 0.429433248
23	(3, 3): 0.384937778
24	(3, 3): 0.410476142
25	(3, 3): 0.356241244
26	(3, 3): 0.410410832
27	(3, 3): 0.471537598
28	(3, 3): 0.416400956
29	(3, 3): 0.393881993
30	(3, 3): 0.377734971
31	(3, 3): 0.330016263
32	(3, 3): 0.323265254
33	(3, 3): 0.249069471
34	(3, 3): 0.189785483
35	(3, 3): 0.213043284
36	(3, 3): 0.139861116
37	(3, 3): 0.139464033
38	(3, 3): 0.08002107
39	(3, 3): 0.220439014
40	(3, 3): 0.298403005
41	(3, 3): 0.302069547
42	(3, 3): 0.302809385
43	(3, 3): 0.245045619
44	(3, 3): 0.244893996
45	(3, 3): 0.30176988
46	(3, 3): 0.270470083
47	(3, 3): 0.315046156
48	(3, 3): 0.341207583
49	(3, 3): 0.32357253
50	(3, 3): 0.173449495
51	(3, 3): 0.185594411
52	(3, 3): 0.292694494
53	(3, 3): 0.290000379
54	(3, 3): 0.278037221
55	(3, 3): 0.23934979
56	(3, 3): 0.365556327
57	(3, 3): 0.27251856
58	(3, 3): 0.245139093
59	(3, 3): 0.283706872
60	(3, 3): 0.264056818
61	(3, 3): 0.210743645
62	(3, 3): 0.110772121
63	(3, 3): 0.066353566
64	(3, 3): 0.153322301
65	(3, 3): 0.191570503
66	(3, 3): 0.244438069
67	(3, 3): 0.188017191
68	(3, 3): 0.0989258564
69	(3, 3): 0.0979216732
70	(3, 3): 0.233791837
71	(3, 3): 0.227674335
72	(3, 3): 0.220421932
73	(3, 3): 0.225228382
74	(3, 3): 0.198061454
75	(3, 3): 0.24649251
76	(3, 3): 0.326878382
77	(3, 3): 0.416736203
78	(3, 3): 0.440851628
79	(3, 3): 0.465456146
80	(3, 3): 0.401549124
81	(3, 3): 0.374321643
82	(3, 3): 0.363470767
83	(3, 3): 0.501417288
84	(3, 3): 0.439641896
85	(3, 3): 0.453277212
86	(3, 3): 0.535018705
87	(3, 3): 0.514885737
88	(3, 3): 0.486164861
89	(3, 3): 0.430202025
90	(3, 3): 0.461957993
91	(3, 3): 0.446109901
92	(3, 3): 0.427360844
93	(3, 3): 0.390138694
94	(3, 3): 0.436315713
95	(3, 3): 0.400687477
96	(3, 3): 0.429971721
97	(3, 3): 0.384916757
98	(3, 3): 0.462095151
99	(3, 3): 0.396699857
100	(3, 3): 0.395976851
101	(3, 3): 0.338845826
102	(3, 3): 0.27766737
103	(3, 3): 0.275421274
104	(3, 3): 0.295301197
105	(3, 3): 0.23331397
106	(3, 3): 0.143838557
107	(3, 3): 0.219255645
108	(3, 3): 0.161318335
109	(3, 3): 0.207493011
110	(3, 3): 0.115130152
111	(3, 3): 0.056647026
112	(3, 3): 0.0641766493
113	(3, 3): 0.0790027262
114	(3, 3): 0.0412733259
115	(3, 3): 0.0557863297
116	(3, 3): 0.0685050295
117	(3, 3): 0.0864497535
118	(3, 3): 0.179199795
119	(3, 3): 0.200464019
120	(3, 3): 0.217578535
121	(3, 3): 0.137614582
122	(3, 3): 0.0540351121
123	(3, 3): 0.070015529
124	(3, 3): 0.0649687537
125	(3, 3): 0.091880173
126	(3, 3): 0.0631373292
127	(3, 3): 0.0856927786
128	(3, 3): 0.175043613
129	(3, 3): 0.172098263
130	(3, 3): 0.124901516
131	(3, 3): 0.0786335919
132	(3, 3): 0.142691471
133	(3, 3): 0.176682309
134	(3, 3): 0.176845726
135	(3, 3): 0.162487504
136	(3, 3): 0.0987571158
137	(3, 3): 0.12424027
138	(3, 3): 0.114053225
139	(3, 3): 0.196154116
140	(3, 3): 0.218140984
141	(3, 3): 0.271778723
142	(3, 3): 0.320259652
143	(3, 3): 0.35010768
144	(3, 3): 0.37125663
145	(3, 3): 0.390550919
146	(3, 3): 0.339191921
147	(3, 3): 0.279842761
148	(3, 3): 0.158955967
149	(3, 3): 0.145975701
150	(3, 3): 0.144091863
151	(3, 3): 0.0634015875
152	(3, 3): 0.11415345
153	(3, 3): 0.232846352
154	(3, 3): 0.352539235
155	(3, 3): 0.363876537
156	(3, 3): 0.298504156
157	(3, 3): 0.284622812
158	(3, 3): 0.323260372
159	(3, 3): 0.307591161
160	(3, 3): 0.399706475
161	(3, 3): 0.41789879
162	(3, 3): 0.396241157
163	(3, 3): 0.26670224
164	(3, 3): 0.310196772
165	(3, 3): 0.287631808
166	(3, 3): 0.347226266
167	(3, 3): 0.234054281
168	(3, 3): 0.287700199
169	(3, 3): 0.360353073
170	(3, 3): 0.461748421
171	(3, 3): 0.44623605
172	(3, 3): 0.492638176
173	(3, 3): 0.520870458
174	(3, 3): 0.512428277
175	(3, 3): 0.546706633
176	(3, 3): 0.505752702
177	(3, 3): 0.49507748
178	(3, 3): 0.499592135
179	(3, 3): 0.405977411
180	(3, 3): 0.45235904
181	(3, 3): 0.490694448
182	(3, 3): 0.380325236
183	(3, 3): 0.394299722
184	(3, 3): 0.528489139
185	(3, 3): 0.528056005
186	(3, 3): 0.451188809
187	(3, 3): 0.413775082
188	(3, 3): 0.404742794
189	(3, 3): 0.462030498
190	(3, 3): 0.45088838
191	(3, 3): 0.387707564
192	(3, 3): 0.356094828
193	(3, 3): 0.349062528
194	(3, 3): 0.307661386
195	(3, 3): 0.24883898
196	(3, 3): 0.280767573
197	(3, 3): 0.261845143
198	(3, 3): 0.203105502
199	(3, 3): 0.0580456215
200	(3, 3): 0.0605047197
201	(3, 3): 0.0733960486
202	(3, 3): 0.0858734442
203	(3, 3): 0.0602252422
204	(3, 3): 0.0563849669
205	(3, 3): 0.141453584
206	(3, 3): 0.191249151
207	(3, 3): 0.24280089
208	(3, 3): 0.300029106
209	(3, 3): 0.266696088
210	(3, 3): 0.202427877
211	(3, 3): 0.106904927
212	(3, 3): 0.229665807
213	(3, 3): 0.244905024
214	(3, 3): 0.24525546
215	(3, 3): 0.275571353
216	(3, 3): 0.291761972
217	(3, 3): 0.296521786
218	(3, 3): 0.312682415
219	(3, 3): 0.303559072
220	(3, 3): 0.378737478
221	(3, 3): 0.449987668
222	(3, 3): 0.481406318
223	(3, 3): 0.448842798
224	(3, 3): 0.502989012
225	(3, 3): 0.605286437
226	(3, 3): 0.609156749
227	(3, 3): 0.554284348
228	(3, 3): 0.560860825
229	(3, 3): 0.557344649
230	(3, 3): 0.502855457
231	(3, 3): 0.523274047
232	(3, 3): 0.461521784
233	(3, 3): 0.42606287
234	(3, 3): 0.429634351
235	(3, 3): 0.379535114
236	(3, 3): 0.263522217
237	(3, 3): 0.31545278
238	(3, 3): 0.365052941
239	(3, 3): 0.328377915
240	(3, 3): 0.392992914
241	(3, 3): 0.360985282
242	(3, 3): 0.383827529
243	(3, 3): 0.357434781
244	(3, 3): 0.362358496
245	(3, 3): 0.404233306
246	(3, 3): 0.401019769
247	(3, 3): 0.363707646
248	(3, 3): 0.371921046
249	(3, 3): 0.412869649
250	(3, 3): 0.386582264
251	(3, 3): 0.388112434
252	(3, 3): 0.443165123
253	(3, 3): 0.375475254
254	(3, 3): 0.362775691
255	(3, 3): 0.387567563
256	(3, 3): 0.3619495
257	(3, 3): 0.450800687
258	(3, 3): 0.51721925
259	(3, 3): 0.55634576
260	(3, 3): 0.556164684
261	(3, 3): 0.485478278
262	(3, 3): 0.52765644
263	(3, 3): 0.402969243
264	(3, 3): 0.408068643
265	(3, 3): 0.402932966
266	(3, 3): 0.492419653
267	(3, 3): 0.488290282
268	(3, 3): 0.548034543
269	(3, 3): 0.523026005
270	(3, 3): 0.569730481
271	(3, 3): 0.525426317
272	(3, 3): 0.527950033
273	(3, 3): 0.565882956
274	(3, 3): 0.510277497
275	(3, 3): 0.516179552
276	(3, 3): 0.551517721
277	(3, 3): 0.576191019
278	(3, 3): 0.554809302
279	(3, 3): 0.599240352
280	(3, 3): 0.593952243
281	(3, 3): 0.580523017
282	(3, 3): 0.58741532
283	(3, 3): 0.594909932
284	(3, 3): 0.572631371
285	(3, 3): 0.539358702
286	(3, 3): 0.556176698
287	(3, 3): 0.570053235
288	(3, 3): 0.497525469
289	(3, 3): 0.436874847
290	(3, 3): 0.400191001
291	(3, 3): 0.459626116
292	(3, 3): 0.404110726
293	(3, 3): 0.367013656
294	(3, 3): 0.347315673
295	(3, 3): 0.378323644
296	(3, 3): 0.4616178
297	(3, 3): 0.473408567
298	(3, 3): 0.593656054
299	(3, 3): 0.607508371
300	(3, 3): 0.573948475
301	(3, 3): 0.584126924
302	(3, 3): 0.597901205
303	(3, 3): 0.539268819
304	(3, 3): 0.513669224
305	(3, 3): 0.54904718
306	(3, 3): 0.546179048
307	(3, 3): 0.548702134
308	(3, 3): 0.522309471
309	(3, 3): 0.489572982
310	(3, 3): 0.441589935
311	(3, 3): 0.499148881
312	(3, 3): 0.5295412
313	(3, 3): 0.526788891
314	(3, 3): 0.535294448
315	(3, 3): 0.607867295
316	(3, 3): 0.547158765
317	(3, 3): 0.600199125
318	(3, 3): 0.603262804
319	(3, 3): 0.572844236
320	(3, 3): 0.551633139
321	(3, 3): 0.578611897
322	(3, 3): 0.589729918
323	(3, 3): 0.586755871
324	(3, 3): 0.549206745
325	(3, 3): 0.532856421
326	(3, 3): 0.591444449
327	(3, 3): 0.588942623
328	(3, 3): 0.540238942
329	(3, 3): 0.581521621
330	(3, 3): 0.555435863
331	(3, 3): 0.534716991
332	(3, 3): 0.447450986
333	(3, 3): 0.313763305
334	(3, 3): 0.307879072
335	(3, 3): 0.293693341
336	(3, 3): 0.263027026
337	(3, 3): 0.355740235
338	(3, 3): 0.367158247
339	(3, 3): 0.389198444
340	(3, 3): 0.445555912
341	(3, 3): 0.554845841
342	(3, 3): 0.520120961
343	(3, 3): 0.492265354
344	(3, 3): 0.518300548
345	(3, 3): 0.611613038
346	(3, 3): 0.575148295
347	(3, 3): 0.532794816
348	(3, 3): 0.526381165
349	(3, 3): 0.572937604
350	(3, 3): 0.566086063
351	(3, 3): 0.592850958
352	(3, 3): 0.609961924
353	(3, 3): 0.517402119
354	(3, 3): 0.510207732
355	(3, 3): 0.433425644
356	(3, 3): 0.532052576
357	(3, 3): 0.488417591
358	(3, 3): 0.472640589
359	(3, 3): 0.467059224
360	(3, 3): 0.470374073
361	(3, 3): 0.457919069
362	(3, 3): 0.446742318
363	(3, 3): 0.481723357
364	(3, 3): 0.41257663
365	(3, 3): 0.31611653
366	(3, 3): 0.255590608
367	(3, 3): 0.271388233
368	(3, 3): 0.333524284
369	(3, 3): 0.389800951
370	(3, 3): 0.374221498
371	(3, 3): 0.387608046
372	(3, 3): 0.271661262
373	(3, 3): 0.136302869
374	(3, 3): 0.200115731
375	(3, 3): 0.1010167
376	(3, 3): 0.223790118
377	(3, 3): 0.212217143
378	(3, 3): 0.0808626979
379	(3, 3): 0.132221499
380	(3, 3): 0.178429157
381	(3, 3): 0.28159438
382	(3, 3): 0.352421094
383	(3, 3): 0.314457397
384	(3, 3): 0.392297206
385	(3, 3): 0.390268082
386	(3, 3): 0.517626475
387	(3, 3): 0.524919235
388	(3, 3): 0.478401087
389	(3, 3): 0.44172209
390	(3, 3): 0.366220806
391	(3, 3): 0.298156749
392	(3, 3): 0.347984685
393	(3, 3): 0.281637458
394	(3, 3): 0.186404427
395	(3, 3): 0.213885516
396	(3, 3): 0.244980866
397	(3, 3): 0.221480902
398	(3, 3): 0.240844984
399	(3, 3): 0.300430555
400	(3, 3): 0.285687602
401	(3, 3): 0.241521306
402	(3, 3): 0.191807832
403	(3, 3): 0.156256967
404	(3, 3): 0.143066815
405	(3, 3): 0.0632894056
406	(3, 3): 0.0798998822
407	(3, 3): 0.138950095
408	(3, 3): 0.154664265
409	(3, 3): 0.166161025
410	(3, 3): 0.231790292
411	(3, 3): 0.3035836
412	(3, 3): 0.384036643
413	(3, 3): 0.378100823
414	(3, 3): 0.338051393
415	(3, 3): 0.257875432
416	(3, 3): 0.292316592
417	(3, 3): 0.175497162
418	(3, 3): 0.165494382
419	(3, 3): 0.165927286
420	(3, 3): 0.168377409
421	(3, 3): 0.102321959
422	(3, 3): 0.17502905
423	(3, 3): 0.293057427
424	(3, 3): 0.278280635
425	(3, 3): 0.193881025
426	(3, 3): 0.163706527
427	(3, 3): 0.147340234
428	(3, 3): 0.118727618
429	(3, 3): 0.205949235
430	(3, 3): 0.203284833
431	(3, 3): 0.163709533
432	(3, 3): 0.0847220608
433	(3, 3): 0.14691192
434	(3, 3): 0.104063294
435	(3, 3): 0.0879612584
436	(3, 3): 0.180086182
437	(3, 3): 0.191072291
438	(3, 3): 0.21547243
439	(3, 3): 0.296380125
440	(3, 3): 0.263435491
441	(3, 3): 0.35020449
442	(3, 3): 0.37176376
443	(3, 3): 0.390933119
444	(3, 3): 0.389917966
445	(3, 3): 0.336302591
446	(3, 3): 0.319915872
447	(3, 3): 0.333180156
448	(3, 3): 0.437619808
449	(3, 3): 0.424999486
450	(3, 3): 0.461928801
451	(3, 3): 0.388016499
452	(3, 3): 0.300937276
453	(3, 3): 0.297012268
454	(3, 3): 0.292302838
455	(3, 3): 0.22216258
456	(3, 3): 0.240158352
457	(3, 3): 0.18586405
458	(3, 3): 0.131526933
459	(3, 3): 0.188026362
460	(3, 3): 0.118086256
461	(3, 3): 0.132632955
462	(3, 3): 0.156689727
463	(3, 3): 0.151429549
464	(3, 3): 0.277617237
465	(3, 3): 0.387210687
466	(3, 3): 0.324989774
467	(3, 3): 0.284792773
468	(3, 3): 0.193329882
469	(3, 3): 0.225669021
470	(3, 3): 0.168424132
471	(3, 3): 0.187941976
472	(3, 3): 0.211523607
473	(3, 3): 0.173306793
474	(3, 3): 0.220408274
475	(3, 3): 0.16474643
476	(3, 3): 0.251329695
477	(3, 3): 0.21257306
478	(3, 3): 0.146440321
479	(3, 3): 0.0508506708
480	(3, 3): 0.0653587176
481	(3, 3): 0.0769702927
482	(3, 3): 0.078144304
483	(3, 3): 0.166363212
484	(3, 3): 0.130696643
485	(3, 3): 0.161311763
486	(3, 3): 0.0638705003
487	(3, 3): 0.0715642142
488	(3, 3): 0.0918685821
489	(3, 3): 0.0585773991
490	(3, 3): 0.0834585922
491	(3, 3): 0.174223297
492	(3, 3): 0.174595342
493	(3, 3): 0.0568856184
494	(3, 3): 0.0700998931
495	(3, 3): 0.205567278
496	(3, 3): 0.343926604
497	(3, 3): 0.376731244
498	(3, 3): 0.321461778
499	(3, 3): 0.340736666
500	(3, 3): 0.456432815
501	(3, 3): 0.528915692
502	(3, 3): 0.593758777
503	(3, 3): 0.608947985
504	(3, 3): 0.579860505
505	(3, 3): 0.59186646
506	(3, 3): 0.590625945
507	(3, 3): 0.531305843
508	(3, 3): 0.527828971
509	(3, 3): 0.543899462
510	(3, 3): 0.475860462
511	(3, 3): 0.449657285
512	(3, 3): 0.499088036
513	(3, 3): 0.515776821
514	(3, 3): 0.556260008
515	(3, 3): 0.579065434
516	(3, 3): 0.608132767
517	(3, 3): 0.597780386
518	(3, 3): 0.571074851
519	(3, 3): 0.496677274
520	(3, 3): 0.542867657
521	(3, 3): 0.563285265
522	(3, 3): 0.555835722
523	(3, 3): 0.473229514
524	(3, 3): 0.468818999
525	(3, 3): 0.514836784
526	(3, 3): 0.47950951
527	(3, 3): 0.497698832
528	(3, 3): 0.503727627
529	(3, 3): 0.506280752
530	(3, 3): 0.505036769
531	(3, 3): 0.528317305
532	(3, 3): 0.524281839
533	(3, 3): 0.455899745
534	(3, 3): 0.478830512
535	(3, 3): 0.523872785
536	(3, 3): 0.571890562
537	(3, 3): 0.552584429
538	(3, 3): 0.596407464
539	(3, 3): 0.543330646
540	(3, 3): 0.572375475
541	(3, 3): 0.545866066
542	(3, 3): 0.542638232
543	(3, 3): 0.549181667
544	(3, 3): 0.591262852
545	(3, 3): 0.517324675
546	(3, 3): 0.444108861
547	(3, 3): 0.469524995
548	(3, 3): 0.454195453
549	(3, 3): 0.363418355
550	(3, 3): 0.346413026
551	(3, 3): 0.306574625
552	(3, 3): 0.329110361
553	(3, 3): 0.47817593
554	(3, 3): 0.471606575
555	(3, 3): 0.553668373
556	(3, 3): 0.568071834
557	(3, 3): 0.490182921
558	(3, 3): 0.511848089
559	(3, 3): 0.494525353
560	(3, 3): 0.581779203
561	(3, 3): 0.467282041
562	(3, 3): 0.404799748
563	(3, 3): 0.341944203
564	(3, 3): 0.387356218
565	(3, 3): 0.374505536
566	(3, 3): 0.519279512
567	(3, 3): 0.509873991
568	(3, 3): 0.606123843
569	(3, 3): 0.523256681
570	(3, 3): 0.493045332
571	(3, 3): 0.503781686
572	(3, 3): 0.552155777
573	(3, 3): 0.577617965
574	(3, 3): 0.534253626
575	(3, 3): 0.559339616
576	(3, 3): 0.537927415
577	(3, 3): 0.527027611
578	(3, 3): 0.563693077
579	(3, 3): 0.591268558
580	(3, 3): 0.554369539
581	(3, 3): 0.539361575
582	(3, 3): 0.567938342
583	(3, 3): 0.589169808
584	(3, 3): 0.563950098
585	(3, 3): 0.551846617
586	(3, 3): 0.568167208
587	(3, 3): 0.533554462
588	(3, 3): 0.591626187
589	(3, 3): 0.55541706
590	(3, 3): 0.526938357
591	(3, 3): 0.494045166
592	(3, 3): 0.465976346
593	(3, 3): 0.497133994
594	(3, 3): 0.55206622
595	(3, 3): 0.546297285
596	(3, 3): 0.488099104
597	(3, 3): 0.505462542
598	(3, 3): 0.559227027
599	(3, 3): 0.540914888
600	(3, 3): 0.518882505
601	(3, 3): 0.547027038
602	(3, 3): 0.550991726
603	(3, 3): 0.588175768
604	(3, 3): 0.595542237
605	(3, 3): 0.593491129
606	(3, 3): 0.578237706
607	(3, 3): 0.596515794
608	(3, 3): 0.607436993
609	(3, 3): 0.600137115
610	(3, 3): 0.521813375
611	(3, 3): 0.557528831
612	(3, 3): 0.499805156
613	(3, 3): 0.568762357
614	(3, 3): 0.492666503
615	(3, 3): 0.379197137
616	(3, 3): 0.413090485
617	(3, 3): 0.434301452
618	(3, 3): 0.402830104
619	(3, 3): 0.447657401
620	(3, 3): 0.433271107
621	(3, 3): 0.454563174
622	(3, 3): 0.396897056
623	(3, 3): 0.338952422
624	(3, 3): 0.365323046
625	(3, 3): 0.286001033
626	(3, 3): 0.176485838
627	(3, 3): 0.257044242
628	(3, 3): 0.215159751
629	(3, 3): 0.260664582
630	(3, 3): 0.198974593
631	(3, 3): 0.314509516
632	(3, 3): 0.289251136
633	(3, 3): 0.332089382
634	(3, 3): 0.255563652
635	(3, 3): 0.337257295
636	(3, 3): 0.317601297
637	(3, 3): 0.418522063
638	(3, 3): 0.373411448
639	(3, 3): 0.34848638
640	(3, 3): 0.320483435
641	(3, 3): 0.239175689
642	(3, 3): 0.178240145
643	(3, 3): 0.171121137
644	(3, 3): 0.201133901
645	(3, 3): 0.126466878
646	(3, 3): 0.249662796
647	(3, 3): 0.265925388
648	(3, 3): 0.22641049
649	(3, 3): 0.229031321
650	(3, 3): 0.303632647
651	(3, 3): 0.216469229
652	(3, 3): 0.225929028
653	(3, 3): 0.247308839
654	(3, 3): 0.0656717887
655	(3, 3): 0.0519437031
656	(3, 3): 0.0990314739
657	(3, 3): 0.0699750736
658	(3, 3): 0.196408619
659	(3, 3): 0.0585296239
660	(3, 3): 0.0836549
661	(3, 3): 0.112131632
662	(3, 3): 0.173493123
663	(3, 3): 0.0981004538
664	(3, 3): 0.091310255
665	(3, 3): 0.0675747712
666	(3, 3): 0.0657322979
667	(3, 3): 0.0903259814
668	(3, 3): 0.18579877
669	(3, 3): 0.133583333
670	(3, 3): 0.0552748097
671	(3, 3): 0.125554976
672	(3, 3): 0.0553874546
673	(3, 3): 0.15668374
674	(3, 3): 0.138810231
675	(3, 3): 0.137264268
676	(3, 3): 0.161581957
677	(3, 3): 0.121063474
678	(3, 3): 0.0691817557
679	(3, 3): 0.153216196
680	(3, 3): 0.233174586
681	(3, 3): 0.31551592
682	(3, 3): 0.431600241
683	(3, 3): 0.47423403
684	(3, 3): 0.490335065
685	(3, 3): 0.475316652
686	(3, 3): 0.53593289
687	(3, 3): 0.441265534
688	(3, 3): 0.376172202
689	(3, 3): 0.322939206
690	(3, 3): 0.330258826
691	(3, 3): 0.296561754
692	(3, 3): 0.274033002
693	(3, 3): 0.236242627
694	(3, 3): 0.296619255
695	(3, 3): 0.313897477
696	(3, 3): 0.326283908
697	(3, 3): 0.350222276
698	(3, 3): 0.430988332
699	(3, 3): 0.425670646
700	(3, 3): 0.410709025
701	(3, 3): 0.476263265
702	(3, 3): 0.569594704
703	(3, 3): 0.564522737
704	(3, 3): 0.484973427
705	(3, 3): 0.493387808
706	(3, 3): 0.419685077
707	(3, 3): 0.487261091
708	(3, 3): 0.412429791
709	(3, 3): 0.537138144
710	(3, 3): 0.480349023
711	(3, 3): 0.470274447
712	(3, 3): 0.314173746
713	(3, 3): 0.367992439
714	(3, 3): 0.408603318
715	(3, 3): 0.379707197
716	(3, 3): 0.310891598
717	(3, 3): 0.228189403
718	(3, 3): 0.211045823
719	(3, 3): 0.281178626
720	(3, 3): 0.357162466
721	(3, 3): 0.330368905
722	(3, 3): 0.294118369
723	(3, 3): 0.187000071
724	(3, 3): 0.261776762
725	(3, 3): 0.328274972
726	(3, 3): 0.346459284
727	(3, 3): 0.348237807
728	(3, 3): 0.39284546
729	(3, 3): 0.366240803
730	(3, 3): 0.395565297
731	(3, 3): 0.383717958
732	(3, 3): 0.310548331
733	(3, 3): 0.376578604
734	(3, 3): 0.348696543
735	(3, 3): 0.359413012
736	(3, 3): 0.529880832
737	(3, 3): 0.554800598
738	(3, 3): 0.533083446
739	(3, 3): 0.532910958
740	(3, 3): 0.489101905
741	(3, 3): 0.507477294
742	(3, 3): 0.52473505
743	(3, 3): 0.503240614
744	(3, 3): 0.445654769
745	(3, 3): 0.373080482
746	(3, 3): 0.342683502
747	(3, 3): 0.21996464
748	(3, 3): 0.300139494
749	(3, 3): 0.22499204
750	(3, 3): 0.182370123
751	(3, 3): 0.185128845
752	(3, 3): 0.237207232
753	(3, 3): 0.212698799
754	(3, 3): 0.203727884
755	(3, 3): 0.262486367
756	(3, 3): 0.293460434
757	(3, 3): 0.263430537
758	(3, 3): 0.165841732
759	(3, 3): 0.218129309
760	(3, 3): 0.246523045
761	(3, 3): 0.257362144
762	(3, 3): 0.208562775
763	(3, 3): 0.255557571
764	(3, 3): 0.244640085
765	(3, 3): 0.0652540854
766	(3, 3): 0.0895322931
767	(3, 3): 0.100320749
768	(3, 3): 0.115612128
769	(3, 3): 0.048939402
770	(3, 3): 0.188338743
771	(3, 3): 0.233504073
772	(3, 3): 0.18308252
773	(3, 3): 0.208763674
774	(3, 3): 0.229631042
775	(3, 3): 0.299347707
776	(3, 3): 0.257270534
777	(3, 3): 0.202046343
778	(3, 3): 0.146923489
779	(3, 3): 0.222170454
780	(3, 3): 0.125254205
781	(3, 3): 0.16479994
782	(3, 3): 0.156803175
783	(3, 3): 0.137089929
784	(3, 3): 0.0886809189
785	(3, 3): 0.132384891
786	(3, 3): 0.229130211
787	(3, 3): 0.0598670233
788	(3, 3): 0.0833264264
789	(3, 3): 0.104786333
790	(3, 3): 0.110638921
791	(3, 3): 0.0599503496
792	(3, 3): 0.0609978586
793	(3, 3): 0.0702198394
794	(3, 3): 0.0728268056
795	(3, 3): 0.155092759
796	(3, 3): 0.0809177243
797	(3, 3): 0.0982668216
798	(3, 3): 0.052070598
799	(3, 3): 0.237287197
800	(3, 3): 0.327087794
801	(3, 3): 0.406678665
802	(3, 3): 0.397096179
803	(3, 3): 0.421418991
804	(3, 3): 0.327496303
805	(3, 3): 0.376713689
806	(3, 3): 0.316800783
807	(3, 3): 0.348594162
808	(3, 3): 0.430609268
809	(3, 3): 0.53488855
810	(3, 3): 0.539526262
811	(3, 3): 0.47389589
812	(3, 3): 0.505956658
813	(3, 3): 0.558466484
814	(3, 3): 0.547120401
815	(3, 3): 0.576083742
816	(3, 3): 0.568487461
817	(3, 3): 0.563647295
818	(3, 3): 0.596026141
819	(3, 3): 0.590758321
820	(3, 3): 0.534475761
821	(3, 3): 0.54428567
822	(3, 3): 0.457512233
823	(3, 3): 0.424257873
824	(3, 3): 0.449513119
825	(3, 3): 0.400220116
826	(3, 3): 0.425521433
827	(3, 3): 0.442173931
828	(3, 3): 0.47239738
829	(3, 3): 0.485635657
830	(3, 3): 0.476162181
831	(3, 3): 0.456273286
832	(3, 3): 0.42327016
833	(3, 3): 0.317654381
834	(3, 3): 0.238592363
835	(3, 3): 0.189054848
836	(3, 3): 0.225260787
837	(3, 3): 0.162003613
838	(3, 3): 0.140132468
839	(3, 3): 0.10093389
840	(3, 3): 0.103830523
841	(3, 3): 0.130941472
842	(3, 3): 0.162318464
843	(3, 3): 0.193831604
844	(3, 3): 0.0728272492
845	(3, 3): 0.102098967
846	(3, 3): 0.116544867
847	(3, 3): 0.119935604
848	(3, 3): 0.0920502824
849	(3, 3): 0.0928577011
850	(3, 3): 0.0697226861
851	(3, 3): 0.13444969
852	(3, 3): 0.194541979
853	(3, 3): 0.193212742
854	(3, 3): 0.192281666
855	(3, 3): 0.196163664
856	(3, 3): 0.261186876
857	(3, 3): 0.304202431
858	(3, 3): 0.278543955
859	(3, 3): 0.258322724
860	(3, 3): 0.295615674
861	(3, 3): 0.32067009
862	(3, 3): 0.234451934
863	(3, 3): 0.286720595
864	(3, 3): 0.19599504
865	(3, 3): 0.245890537
866	(3, 3): 0.300786188
867	(3, 3): 0.386453447
868	(3, 3): 0.354067623
869	(3, 3): 0.298013198
870	(3, 3): 0.352388472
871	(3, 3): 0.272538968
872	(3, 3): 0.320268675
873	(3, 3): 0.332147966
874	(3, 3): 0.331647952
875	(3, 3): 0.376451316
876	(3, 3): 0.4382663
877	(3, 3): 0.405539595
878	(3, 3): 0.390120578
879	(3, 3): 0.419640414
880	(3, 3): 0.405423562
881	(3, 3): 0.425859639
882	(3, 3): 0.445009559
883	(3, 3): 0.4555206
884	(3, 3): 0.507427725
885	(3, 3): 0.528839102
886	(3, 3): 0.497075177
887	(3, 3): 0.514792277
888	(3, 3): 0.489356949
889	(3, 3): 0.535022112
890	(3, 3): 0.556393359
891	(3, 3): 0.505902345
892	(3, 3): 0.49079201
893	(3, 3): 0.520342254
894	(3, 3): 0.551977812
895	(3, 3): 0.532374478
896	(3, 3): 0.495693199
897	(3, 3): 0.580583852
898	(3, 3): 0.603926484
899	(3, 3): 0.550262935
900	(3, 3): 0.415315998
901	(3, 3): 0.402030038
902	(3, 3): 0.481415478
903	(3, 3): 0.537426536
904	(3, 3): 0.518739124
905	(3, 3): 0.518169835
906	(3, 3): 0.534459505
907	(3, 3): 0.517114269
908	(3, 3): 0.484578679
909	(3, 3): 0.413888557
910	(3, 3): 0.429678766
911	(3, 3): 0.417768357
912	(3, 3): 0.451935971
913	(3, 3): 0.425102632
914	(3, 3): 0.442509717
915	(3, 3): 0.522739884
916	(3, 3): 0.51339294
917	(3, 3): 0.558648328
918	(3, 3): 0.578943974
919	(3, 3): 0.594189237
920	(3, 3): 0.589807899
921	(3, 3): 0.562889057
922	(3, 3): 0.509692806
923	(3, 3): 0.491102053
924	(3, 3): 0.511781142
925	(3, 3): 0.461413615
926	(3, 3): 0.5014173
927	(3, 3): 0.474458594
928	(3, 3): 0.356821605
929	(3, 3): 0.272518901
930	(3, 3): 0.302021844
931	(3, 3): 0.242685872
932	(3, 3): 0.26752211
933	(3, 3): 0.30372328
934	(3, 3): 0.206444865
935	(3, 3): 0.208135692
936	(3, 3): 0.377087492
937	(3, 3): 0.331439275
938	(3, 3): 0.317082805
939	(3, 3): 0.362722848
940	(3, 3): 0.403805276
941	(3, 3): 0.376004465
942	(3, 3): 0.314590923
943	(3, 3): 0.406548091
944	(3, 3): 0.443998658
945	(3, 3): 0.485430843
946	(3, 3): 0.477767999
947	(3, 3): 0.512186696
948	(3, 3): 0.428676447
949	(3, 3): 0.413287529
950	(3, 3): 0.35287013
951	(3, 3): 0.375216398
952	(3, 3): 0.289975906
953	(3, 3): 0.317772638
954	(3, 3): 0.359090916
955	(3, 3): 0.328214668
956	(3, 3): 0.267020211
957	(3, 3): 0.336612681
958	(3, 3): 0.243129602
959	(3, 3): 0.265752015
960	(3, 3): 0.230554742
961	(3, 3): 0.0801526817
962	(3, 3): 0.0810081464
963	(3, 3): 0.134969568
964	(3, 3): 0.192945448
965	(3, 3): 0.0793713242
966	(3, 3): 0.0693340812
967	(3, 3): 0.163736168
968	(3, 3): 0.142082616
969	(3, 3): 0.181501834
970	(3, 3): 0.100339682
971	(3, 3): 0.0830258653
972	(3, 3): 0.108082218
973	(3, 3): 0.237409143
974	(3, 3): 0.270439386
975	(3, 3): 0.196428457
976	(3, 3): 0.168489055
977	(3, 3): 0.157893089
978	(3, 3): 0.183416044
979	(3, 3): 0.220674518
980	(3, 3): 0.0651637685
981	(3, 3): 0.138981903
982	(3, 3): 0.16095222
983	(3, 3): 0.1443347
984	(3, 3): 0.175528145
985	(3, 3): 0.204158457
986	(3, 3): 0.0764311713
987	(3, 3): 0.0846255206
988	(3, 3): 0.0913237816
989	(3, 3): 0.0715165661
990	(3, 3): 0.111712442
991	(3, 3): 0.194115383
992	(3, 3): 0.123027112
993	(3, 3): 0.212739529
994	(3, 3): 0.17600819
995	(3, 3): 0.228412937
996	(3, 3): 0.306912616
997	(3, 3): 0.404792782
998	(3, 3): 0.488199383
999	(3, 3): 0.484417075
1000	(3, 3): 0.507593911
