0	(3, 3): 0.123454278
1	(3, 3): 0.0474475096
2	(3, 3): 0.0843489125
3	(3, 3): 0.0852819241
4	(3, 3): 0.10874611
5	(3, 3): 0.09431625
6	(3, 3): 0.0981316224
7	(3, 3): 0.170390494
8	(3, 3): 0.211568621
9	(3, 3): 0.241196745
10	(3, 3): 0.226371774
11	(3, 3): 0.233199944
12	(3, 3): 0.194120844
13	(3, 3): 0.276594828
14	(3, 3): 0.2700509
15	(3, 3): 0.287645552
16	(3, 3): 0.234136685
17	(3, 3): 0.260726037
18	(3, 3): 0.176596973
19	(3, 3): 0.192183026
20	(3, 3): 0.19185689
21	(3, 3): 0.227182445
22	(3, 3): 0.216658426
23	(3, 3): 0.148112455
24	(3, 3): 0.128128181
25	(3, 3): 0.134975461
26	(3, 3): 0.115231194
27	(3, 3): 0.0534636345
28	(3, 3): 0.143192147
29	(3, 3): 0.246719822
30	(3, 3): 0.270107792
31	(3, 3): 0.230381318
32	(3, 3): 0.219967052
33	(3, 3): 0.212766931
34	(3, 3): 0.195979895
35	(3, 3): 0.193226223
36	(3, 3): 0.13406891
37	(3, 3): 0.112966316
38	(3, 3): 0.142244498
39	(3, 3): 0.212618597
40	(3, 3): 0.15070797
41	(3, 3): 0.147854128
42	(3, 3): 0.150764823
43	(3, 3): 0.24879089
44	(3, 3): 0.252441693
45	(3, 3): 0.209271341
46	(3, 3): 0.240676183
47	(3, 3): 0.163203427
48	(3, 3): 0.187606543
49	(3, 3): 0.200687213
50	(3, 3): 0.174944948
51	(3, 3): 0.0781026776
52	(3, 3): 0.0615318001
53	(3, 3): 0.0352359605
54	(3, 3): 0.0512316225
55	(3, 3): 0.067385858
56	(3, 3): 0.0857819172
57	(3, 3): 0.0434338073
58	(3, 3): 0.0773217209
59	(3, 3): 0.0647700404
60	(3, 3): 0.0516952981
61	(3, 3): 0.112622501
62	(3, 3): 0.0872570378
63	(3, 3): 0.036196056
64	(3, 3): 0.0317519
65	(3, 3): 0.0325584965
66	(3, 3): 0.0604215673
67	(3, 3): 0.118176559
68	(3, 3): 0.160557696
69	(3, 3): 0.0713825908
70	(3, 3): 0.172615226
71	(3, 3): 0.2773901
72	(3, 3): 0.192574314
73	(3, 3): 0.171505849
74	(3, 3): 0.0840479797
75	(3, 3): 0.0788747348
76	(3, 3): 0.129909804
77	(3, 3): 0.102192934
78	(3, 3): 0.125357633
79	(3, 3): 0.12786548
80	(3, 3): 0.157291463
81	(3, 3): 0.132292347
82	(3, 3): 0.0611887171
83	(3, 3): 0.0535045268
84	(3, 3): 0.0677077258
85	(3, 3): 0.166047587
86	(3, 3): 0.0719477571
87	(3, 3): 0.0818211934
88	(3, 3): 0.105212685
89	(3, 3): 0.102843601
90	(3, 3): 0.136363617
91	(3, 3): 0.104566354
92	(3, 3): 0.0382080702
93	(3, 3): 0.0722215987
94	(3, 3): 0.141363405
95	(3, 3): 0.0562266884
96	(3, 3): 0.0634027183
97	(3, 3): 0.0460022767
98	(3, 3): 0.119696583
99	(3, 3): 0.103593611
100	(3, 3): 0.0818243453
101	(3, 3): 0.130785776
102	(3, 3): 0.123210446
103	(3, 3): 0.0911167952
104	(3, 3): 0.0793893165
105	(3, 3): 0.0945415077
106	(3, 3): 0.118294477
107	(3, 3): 0.0871962165
108	(3, 3): 0.179083996
109	(3, 3): 0.166207507
110	(3, 3): 0.144159222
111	(3, 3): 0.157513805
112	(3, 3): 0.0606300027
113	(3, 3): 0.0466008169
114	(3, 3): 0.0844983318
115	(3, 3): 0.0656911615
116	(3, 3): 0.114312577
117	(3, 3): 0.0952936909
118	(3, 3): 0.0935707298
119	(3, 3): 0.0834627178
120	(3, 3): 0.107506074
121	(3, 3): 0.121757757
122	(3, 3): 0.139527029
123	(3, 3): 0.130710331
124	(3, 3): 0.198722612
125	(3, 3): 0.239737147
126	(3, 3): 0.20458712
127	(3, 3): 0.145728882
128	(3, 3): 0.114861876
129	(3, 3): 0.140130082
130	(3, 3): 0.130882094
131	(3, 3): 0.12735787
132	(3, 3): 0.174154915
133	(3, 3): 0.257540083
134	(3, 3): 0.295328563
135	(3, 3): 0.195283449
136	(3, 3): 0.10787768
137	(3, 3): 0.199288745
138	(3, 3): 0.138287074
139	(3, 3): 0.11379081
140	(3, 3): 0.155080556
141	(3, 3): 0.146211894
142	(3, 3): 0.155497455
143	(3, 3): 0.199569463
144	(3, 3): 0.114565725
145	(3, 3): 0.228375088
146	(3, 3): 0.230185752
147	(3, 3): 0.238722997
148	(3, 3): 0.256356302
149	(3, 3): 0.3292304
150	(3, 3): 0.370608221
151	(3, 3): 0.282864229
152	(3, 3): 0.273424851
153	(3, 3): 0.243945605
154	(3, 3): 0.161953032
155	(3, 3): 0.200896466
156	(3, 3): 0.188377664
157	(3, 3): 0.245104912
158	(3, 3): 0.235418171
159	(3, 3): 0.292267897
160	(3, 3): 0.312147055
161	(3, 3): 0.276018625
162	(3, 3): 0.328500478
163	(3, 3): 0.258275517
164	(3, 3): 0.304482521
165	(3, 3): 0.322241546
166	(3, 3): 0.282446636
167	(3, 3): 0.355123378
168	(3, 3): 0.378565287
169	(3, 3): 0.307989284
170	(3, 3): 0.228891356
171	(3, 3): 0.245526563
172	(3, 3): 0.225336271
173	(3, 3): 0.239539938
174	(3, 3): 0.160330058
175	(3, 3): 0.179760961
176	(3, 3): 0.166108313
177	(3, 3): 0.147304929
178	(3, 3): 0.147787452
179	(3, 3): 0.132531877
180	(3, 3): 0.079728855
181	(3, 3): 0.116739431
182	(3, 3): 0.1332658
183	(3, 3): 0.242292167
184	(3, 3): 0.170703799
185	(3, 3): 0.220878582
186	(3, 3): 0.157900921
187	(3, 3): 0.134296862
188	(3, 3): 0.134401144
189	(3, 3): 0.13383678
190	(3, 3): 0.116283706
191	(3, 3): 0.170366257
192	(3, 3): 0.203991968
193	(3, 3): 0.245048336
194	(3, 3): 0.246085378
195	(3, 3): 0.209694464
196	(3, 3): 0.238016871
197	(3, 3): 0.206693901
198	(3, 3): 0.23436357
199	(3, 3): 0.195026949
200	(3, 3): 0.154478217
201	(3, 3): 0.237011017
202	(3, 3): 0.209167932
203	(3, 3): 0.128913222
204	(3, 3): 0.173020629
205	(3, 3): 0.257889241
206	(3, 3): 0.294602405
207	(3, 3): 0.227805885
208	(3, 3): 0.113247597
209	(3, 3): 0.136208117
210	(3, 3): 0.196922251
211	(3, 3): 0.183791042
212	(3, 3): 0.211679598
213	(3, 3): 0.241951515
214	(3, 3): 0.224222066
215	(3, 3): 0.187767696
216	(3, 3): 0.15749628
217	(3, 3): 0.164362065
218	(3, 3): 0.190211238
219	(3, 3): 0.191518119
220	(3, 3): 0.247730053
221	(3, 3): 0.293834208
222	(3, 3): 0.359035931
223	(3, 3): 0.348949276
224	(3, 3): 0.343702699
225	(3, 3): 0.384376801
226	(3, 3): 0.404510116
227	(3, 3): 0.298685879
228	(3, 3): 0.346579321
229	(3, 3): 0.414565737
230	(3, 3): 0.386592908
231	(3, 3): 0.425945243
232	(3, 3): 0.437005968
233	(3, 3): 0.427138005
234	(3, 3): 0.398439097
235	(3, 3): 0.363131209
236	(3, 3): 0.235184671
237	(3, 3): 0.317588946
238	(3, 3): 0.26350673
239	(3, 3): 0.296865971
240	(3, 3): 0.358496923
241	(3, 3): 0.331246882
242	(3, 3): 0.365222975
243	(3, 3): 0.184796883
244	(3, 3): 0.138846282
245	(3, 3): 0.112453432
246	(3, 3): 0.150093432
247	(3, 3): 0.162589032
248	(3, 3): 0.162159812
249	(3, 3): 0.18016789
250	(3, 3): 0.201883933
251	(3, 3): 0.0852647558
252	(3, 3): 0.0807222218
253	(3, 3): 0.0938936676
254	(3, 3): 0.137895069
255	(3, 3): 0.115463438
256	(3, 3): 0.134722823
257	(3, 3): 0.157704974
258	(3, 3): 0.0788610213
259	(3, 3): 0.0639543631
260	(3, 3): 0.0995015101
261	(3, 3): 0.06922837
262	(3, 3): 0.0815717639
263	(3, 3): 0.0571280937
264	(3, 3): 0.0900370892
265	(3, 3): 0.0890205891
266	(3, 3): 0.0732889627
267	(3, 3): 0.123272464
268	(3, 3): 0.121266941
269	(3, 3): 0.158868928
270	(3, 3): 0.10932395
271	(3, 3): 0.108210756
272	(3, 3): 0.125091917
273	(3, 3): 0.139635727
274	(3, 3): 0.1576578
275	(3, 3): 0.184646668
276	(3, 3): 0.155175619
277	(3, 3): 0.104204616
278	(3, 3): 0.107468169
279	(3, 3): 0.0898347608
280	(3, 3): 0.105777096
281	(3, 3): 0.115414364
282	(3, 3): 0.153831778
283	(3, 3): 0.165315901
284	(3, 3): 0.125995609
285	(3, 3): 0.136548875
286	(3, 3): 0.160248115
287	(3, 3): 0.127779297
288	(3, 3): 0.16295993
289	(3, 3): 0.145517283
290	(3, 3): 0.133114075
291	(3, 3): 0.174482782
292	(3, 3): 0.193046123
293	(3, 3): 0.198924134
294	(3, 3): 0.114070836
295	(3, 3): 0.128616277
296	(3, 3): 0.192362906
297	(3, 3): 0.176666989
298	(3, 3): 0.155430406
299	(3, 3): 0.188442007
300	(3, 3): 0.241916977
301	(3, 3): 0.183882563
302	(3, 3): 0.191887887
303	(3, 3): 0.172259802
304	(3, 3): 0.208184633
305	(3, 3): 0.174186156
306	(3, 3): 0.205092783
307	(3, 3): 0.177490739
308	(3, 3): 0.114933636
309	(3, 3): 0.111946235
310	(3, 3): 0.156953374
311	(3, 3): 0.137825603
312	(3, 3): 0.11750538
313	(3, 3): 0.151063084
314	(3, 3): 0.10852924
315	(3, 3): 0.131011736
316	(3, 3): 0.153910979
317	(3, 3): 0.125191175
318	(3, 3): 0.100612971
319	(3, 3): 0.137180229
320	(3, 3): 0.223604763
321	(3, 3): 0.239666016
322	(3, 3): 0.224143728
323	(3, 3): 0.219719656
324	(3, 3): 0.302543844
325	(3, 3): 0.389147894
326	(3, 3): 0.420370799
327	(3, 3): 0.375779003
328	(3, 3): 0.334768229
329	(3, 3): 0.403161782
330	(3, 3): 0.505228715
331	(3, 3): 0.458541413
332	(3, 3): 0.415305525
333	(3, 3): 0.373049663
334	(3, 3): 0.382478459
335	(3, 3): 0.336161577
336	(3, 3): 0.365647285
337	(3, 3): 0.383984764
338	(3, 3): 0.409011881
339	(3, 3): 0.39428916
340	(3, 3): 0.486251761
341	(3, 3): 0.583583664
342	(3, 3): 0.590601045
343	(3, 3): 0.401007865
344	(3, 3): 0.286513308
345	(3, 3): 0.335973479
346	(3, 3): 0.431156818
347	(3, 3): 0.46366447
348	(3, 3): 0.497134
349	(3, 3): 0.539664905
350	(3, 3): 0.514261926
351	(3, 3): 0.543249492
352	(3, 3): 0.460067378
353	(3, 3): 0.550094179
354	(3, 3): 0.534216594
355	(3, 3): 0.533139205
356	(3, 3): 0.506421058
357	(3, 3): 0.620867177
358	(3, 3): 0.60152293
359	(3, 3): 0.590147475
360	(3, 3): 0.655086591
361	(3, 3): 0.637758711
362	(3, 3): 0.614239056
363	(3, 3): 0.594087286
364	(3, 3): 0.578844058
365	(3, 3): 0.569576051
366	(3, 3): 0.447407454
367	(3, 3): 0.474344961
368	(3, 3): 0.538821001
369	(3, 3): 0.514947825
370	(3, 3): 0.473714008
371	(3, 3): 0.432413867
372	(3, 3): 0.435569201
373	(3, 3): 0.442856658
374	(3, 3): 0.546355169
375	(3, 3): 0.631542251
376	(3, 3): 0.590849699
377	(3, 3): 0.497480708
378	(3, 3): 0.435556844
379	(3, 3): 0.369540143
380	(3, 3): 0.404077696
381	(3, 3): 0.3021782
382	(3, 3): 0.200511055
383	(3, 3): 0.145166299
384	(3, 3): 0.150143933
385	(3, 3): 0.210573035
386	(3, 3): 0.237644093
387	(3, 3): 0.24565403
388	(3, 3): 0.197921011
389	(3, 3): 0.163615555
390	(3, 3): 0.239835091
391	(3, 3): 0.292879844
392	(3, 3): 0.318966689
393	(3, 3): 0.314930538
394	(3, 3): 0.231035244
395	(3, 3): 0.328285813
396	(3, 3): 0.388965864
397	(3, 3): 0.32677772
398	(3, 3): 0.283003794
399	(3, 3): 0.298512412
400	(3, 3): 0.170449383
401	(3, 3): 0.140493512
402	(3, 3): 0.139482356
403	(3, 3): 0.15673974
404	(3, 3): 0.186578267
405	(3, 3): 0.149615326
406	(3, 3): 0.133210382
407	(3, 3): 0.126181875
408	(3, 3): 0.17337162
409	(3, 3): 0.153561227
410	(3, 3): 0.211738569
411	(3, 3): 0.247255914
412	(3, 3): 0.225338173
413	(3, 3): 0.276573993
414	(3, 3): 0.279538029
415	(3, 3): 0.209329887
416	(3, 3): 0.184473516
417	(3, 3): 0.194895037
418	(3, 3): 0.176543954
419	(3, 3): 0.178905392
420	(3, 3): 0.138590803
421	(3, 3): 0.178667374
422	(3, 3): 0.241772474
423	(3, 3): 0.142952726
424	(3, 3): 0.154069142
425	(3, 3): 0.135787573
426	(3, 3): 0.155430016
427	(3, 3): 0.11849697
428	(3, 3): 0.104187665
429	(3, 3): 0.138717195
430	(3, 3): 0.113949507
431	(3, 3): 0.115274012
432	(3, 3): 0.132218938
433	(3, 3): 0.123146513
434	(3, 3): 0.123099946
435	(3, 3): 0.170344752
436	(3, 3): 0.160345505
437	(3, 3): 0.115324856
438	(3, 3): 0.0917886336
439	(3, 3): 0.0990763392
440	(3, 3): 0.142773221
441	(3, 3): 0.167246794
442	(3, 3): 0.137993352
443	(3, 3): 0.0855632205
444	(3, 3): 0.126977715
445	(3, 3): 0.0661624579
446	(3, 3): 0.112651026
447	(3, 3): 0.114422636
448	(3, 3): 0.151001749
449	(3, 3): 0.109565848
450	(3, 3): 0.0942097149
451	(3, 3): 0.0921843845
452	(3, 3): 0.0655983681
453	(3, 3): 0.0601863705
454	(3, 3): 0.0525285394
455	(3, 3): 0.0625545398
456	(3, 3): 0.0693377777
457	(3, 3): 0.0622682293
458	(3, 3): 0.0836130118
459	(3, 3): 0.0663764104
460	(3, 3): 0.10083168
461	(3, 3): 0.0807548771
462	(3, 3): 0.0434424492
463	(3, 3): 0.0753747487
464	(3, 3): 0.0844548571
465	(3, 3): 0.0698583812
466	(3, 3): 0.0844570158
467	(3, 3): 0.0635227846
468	(3, 3): 0.0626073999
469	(3, 3): 0.0916181496
470	(3, 3): 0.110700728
471	(3, 3): 0.115229671
472	(3, 3): 0.0615901128
473	(3, 3): 0.0529474329
474	(3, 3): 0.11668022
475	(3, 3): 0.135693995
476	(3, 3): 0.108603368
477	(3, 3): 0.115472356
478	(3, 3): 0.104997222
479	(3, 3): 0.0928898112
480	(3, 3): 0.111468542
481	(3, 3): 0.13728711
482	(3, 3): 0.168382764
483	(3, 3): 0.125487208
484	(3, 3): 0.09093264
485	(3, 3): 0.116247685
486	(3, 3): 0.129706821
487	(3, 3): 0.0925362218
488	(3, 3): 0.0903310251
489	(3, 3): 0.082392217
490	(3, 3): 0.136601633
491	(3, 3): 0.147663853
492	(3, 3): 0.0873792435
493	(3, 3): 0.0934259724
494	(3, 3): 0.0601831301
495	(3, 3): 0.0577751233
496	(3, 3): 0.0735066116
497	(3, 3): 0.0794879654
498	(3, 3): 0.161619269
499	(3, 3): 0.138881933
500	(3, 3): 0.171900975
501	(3, 3): 0.119963026
502	(3, 3): 0.140974588
503	(3, 3): 0.139307552
504	(3, 3): 0.0922267405
505	(3, 3): 0.130587734
506	(3, 3): 0.115727027
507	(3, 3): 0.117448687
508	(3, 3): 0.0790481494
509	(3, 3): 0.0817188758
510	(3, 3): 0.0956563739
511	(3, 3): 0.106120412
512	(3, 3): 0.135001879
513	(3, 3): 0.158885135
514	(3, 3): 0.205774676
515	(3, 3): 0.214660197
516	(3, 3): 0.220223896
517	(3, 3): 0.245850824
518	(3, 3): 0.269197953
519	(3, 3): 0.269864642
520	(3, 3): 0.217506416
521	(3, 3): 0.147477003
522	(3, 3): 0.139756389
523	(3, 3): 0.130759931
524	(3, 3): 0.151919052
525	(3, 3): 0.127847286
526	(3, 3): 0.135155545
527	(3, 3): 0.15189743
528	(3, 3): 0.188097236
529	(3, 3): 0.187112626
530	(3, 3): 0.113480973
531	(3, 3): 0.15206136
532	(3, 3): 0.105800302
533	(3, 3): 0.136395521
534	(3, 3): 0.148240525
535	(3, 3): 0.141266504
536	(3, 3): 0.150865031
537	(3, 3): 0.150932504
538	(3, 3): 0.167264215
539	(3, 3): 0.259045634
540	(3, 3): 0.168078934
541	(3, 3): 0.113501199
542	(3, 3): 0.107078518
543	(3, 3): 0.13628773
544	(3, 3): 0.0907926171
545	(3, 3): 0.115158339
546	(3, 3): 0.0578190772
547	(3, 3): 0.0894638212
548	(3, 3): 0.079531379
549	(3, 3): 0.0778928549
550	(3, 3): 0.0860306928
551	(3, 3): 0.0792155433
552	(3, 3): 0.0636031021
553	(3, 3): 0.0773997109
554	(3, 3): 0.0843777691
555	(3, 3): 0.0906877247
556	(3, 3): 0.1111955
557	(3, 3): 0.120887052
558	(3, 3): 0.114748417
559	(3, 3): 0.137051322
560	(3, 3): 0.116218449
561	(3, 3): 0.15644549
562	(3, 3): 0.108218844
