0	(3, 3): 0.822995871
1	(3, 3): 0.839145022
2	(3, 3): 0.825294644
3	(3, 3): 0.82501335
4	(3, 3): 0.823234596
5	(3, 3): 0.824613154
6	(3, 3): 0.823661918
7	(3, 3): 0.820905769
8	(3, 3): 0.820102246
9	(3, 3): 0.81885762
10	(3, 3): 0.818838881
11	(3, 3): 0.818797563
12	(3, 3): 0.819992363
13	(3, 3): 0.818694237
14	(3, 3): 0.819164594
15	(3, 3): 0.819877688
16	(3, 3): 0.82086641
17	(3, 3): 0.820833311
18	(3, 3): 0.821232733
19	(3, 3): 0.821167428
20	(3, 3): 0.820777539
21	(3, 3): 0.820412531
22	(3, 3): 0.820552777
23	(3, 3): 0.821937462
24	(3, 3): 0.82288224
25	(3, 3): 0.823344121
26	(3, 3): 0.823588252
27	(3, 3): 0.834698144
28	(3, 3): 0.821723839
29	(3, 3): 0.819845078
30	(3, 3): 0.818821855
31	(3, 3): 0.818611661
32	(3, 3): 0.818401707
33	(3, 3): 0.818447125
34	(3, 3): 0.818479161
35	(3, 3): 0.819339772
36	(3, 3): 0.821114174
37	(3, 3): 0.821134834
38	(3, 3): 0.820209249
39	(3, 3): 0.819390059
40	(3, 3): 0.820289369
41	(3, 3): 0.82088693
42	(3, 3): 0.820514516
43	(3, 3): 0.818621935
44	(3, 3): 0.818653109
45	(3, 3): 0.819024242
46	(3, 3): 0.818648312
47	(3, 3): 0.81985966
48	(3, 3): 0.819513046
49	(3, 3): 0.81928806
50	(3, 3): 0.819888004
51	(3, 3): 0.825445239
52	(3, 3): 0.829926279
53	(3, 3): 0.853993415
54	(3, 3): 0.834599849
55	(3, 3): 0.82768411
56	(3, 3): 0.823910764
57	(3, 3): 0.840592617
58	(3, 3): 0.824384573
59	(3, 3): 0.827973768
60	(3, 3): 0.833586062
61	(3, 3): 0.821411726
62	(3, 3): 0.823822754
63	(3, 3): 0.850657664
64	(3, 3): 0.861477463
65	(3, 3): 0.85898475
66	(3, 3): 0.829377603
67	(3, 3): 0.821231172
68	(3, 3): 0.821314083
69	(3, 3): 0.828872503
70	(3, 3): 0.821085421
71	(3, 3): 0.820763514
72	(3, 3): 0.821079375
73	(3, 3): 0.82079044
74	(3, 3): 0.825316404
75	(3, 3): 0.826099751
76	(3, 3): 0.821445761
77	(3, 3): 0.823097813
78	(3, 3): 0.821558691
79	(3, 3): 0.820634589
80	(3, 3): 0.820786562
81	(3, 3): 0.821369372
82	(3, 3): 0.830955751
83	(3, 3): 0.834161205
84	(3, 3): 0.829055021
85	(3, 3): 0.821509496
86	(3, 3): 0.828257812
87	(3, 3): 0.826859068
88	(3, 3): 0.823667321
89	(3, 3): 0.823915685
90	(3, 3): 0.821904209
91	(3, 3): 0.822536238
92	(3, 3): 0.849417466
93	(3, 3): 0.82708865
94	(3, 3): 0.819773375
95	(3, 3): 0.831182181
96	(3, 3): 0.828699903
97	(3, 3): 0.837975493
98	(3, 3): 0.820721623
99	(3, 3): 0.82259177
100	(3, 3): 0.825491211
101	(3, 3): 0.821770012
102	(3, 3): 0.820899853
103	(3, 3): 0.823239865
104	(3, 3): 0.825154642
105	(3, 3): 0.823462976
106	(3, 3): 0.820877754
107	(3, 3): 0.82344646
108	(3, 3): 0.819401032
109	(3, 3): 0.819421296
110	(3, 3): 0.82021055
111	(3, 3): 0.819881869
112	(3, 3): 0.829996075
113	(3, 3): 0.838206591
114	(3, 3): 0.824989172
115	(3, 3): 0.828604985
116	(3, 3): 0.822417473
117	(3, 3): 0.824215096
118	(3, 3): 0.824926108
119	(3, 3): 0.826076427
120	(3, 3): 0.823924042
121	(3, 3): 0.82290097
122	(3, 3): 0.8221632
123	(3, 3): 0.821911903
124	(3, 3): 0.820977465
125	(3, 3): 0.821445168
126	(3, 3): 0.823482861
127	(3, 3): 0.823845059
128	(3, 3): 0.823882107
129	(3, 3): 0.824106924
130	(3, 3): 0.827427461
131	(3, 3): 0.828632735
132	(3, 3): 0.827840067
133	(3, 3): 0.825538217
134	(3, 3): 0.82652445
135	(3, 3): 0.82634176
136	(3, 3): 0.829376585
137	(3, 3): 0.827113112
138	(3, 3): 0.824712183
139	(3, 3): 0.827926607
140	(3, 3): 0.826668565
141	(3, 3): 0.825677409
142	(3, 3): 0.825662251
143	(3, 3): 0.823605345
144	(3, 3): 0.826998571
145	(3, 3): 0.82294392
146	(3, 3): 0.822469744
147	(3, 3): 0.825448219
148	(3, 3): 0.825749044
149	(3, 3): 0.82585625
150	(3, 3): 0.825008321
151	(3, 3): 0.823013566
152	(3, 3): 0.824439402
153	(3, 3): 0.8234786
154	(3, 3): 0.824710558
155	(3, 3): 0.823518204
156	(3, 3): 0.822901617
157	(3, 3): 0.821389832
158	(3, 3): 0.823940695
159	(3, 3): 0.823854523
160	(3, 3): 0.823747494
161	(3, 3): 0.82464309
162	(3, 3): 0.823305427
163	(3, 3): 0.824775517
164	(3, 3): 0.823319082
165	(3, 3): 0.821589854
166	(3, 3): 0.820980018
167	(3, 3): 0.820428925
168	(3, 3): 0.819570366
169	(3, 3): 0.821706343
170	(3, 3): 0.82389293
171	(3, 3): 0.824511873
172	(3, 3): 0.825193681
173	(3, 3): 0.824559903
174	(3, 3): 0.826321698
175	(3, 3): 0.826496398
176	(3, 3): 0.826040363
177	(3, 3): 0.82661425
178	(3, 3): 0.82931087
179	(3, 3): 0.828625206
180	(3, 3): 0.831631924
181	(3, 3): 0.826266608
182	(3, 3): 0.824365192
183	(3, 3): 0.821216986
184	(3, 3): 0.822917089
185	(3, 3): 0.822813385
186	(3, 3): 0.824851218
187	(3, 3): 0.827603636
188	(3, 3): 0.827319539
189	(3, 3): 0.826709901
190	(3, 3): 0.829620758
191	(3, 3): 0.828152751
192	(3, 3): 0.827333496
193	(3, 3): 0.825793583
194	(3, 3): 0.823848126
195	(3, 3): 0.825368297
196	(3, 3): 0.822947547
197	(3, 3): 0.824966493
198	(3, 3): 0.825025445
199	(3, 3): 0.826904991
200	(3, 3): 0.828910682
201	(3, 3): 0.82410316
202	(3, 3): 0.824883082
203	(3, 3): 0.827219955
204	(3, 3): 0.824889031
205	(3, 3): 0.822364416
206	(3, 3): 0.821835418
207	(3, 3): 0.824468956
208	(3, 3): 0.825770029
209	(3, 3): 0.824552712
210	(3, 3): 0.825181712
211	(3, 3): 0.823822395
212	(3, 3): 0.823425243
213	(3, 3): 0.82232602
214	(3, 3): 0.821797793
215	(3, 3): 0.824199535
216	(3, 3): 0.825787762
217	(3, 3): 0.827228028
218	(3, 3): 0.825992686
219	(3, 3): 0.824441555
220	(3, 3): 0.820613596
221	(3, 3): 0.820230648
222	(3, 3): 0.819378818
223	(3, 3): 0.819101667
224	(3, 3): 0.818764885
225	(3, 3): 0.817565182
226	(3, 3): 0.817083429
227	(3, 3): 0.818767861
228	(3, 3): 0.818988418
229	(3, 3): 0.81813606
230	(3, 3): 0.819151925
231	(3, 3): 0.817981512
232	(3, 3): 0.817789658
233	(3, 3): 0.818284656
234	(3, 3): 0.817901028
235	(3, 3): 0.818305324
236	(3, 3): 0.822164985
237	(3, 3): 0.821560429
238	(3, 3): 0.820902706
239	(3, 3): 0.822452007
240	(3, 3): 0.822066609
241	(3, 3): 0.823070388
242	(3, 3): 0.822610985
243	(3, 3): 0.825490286
244	(3, 3): 0.82790506
245	(3, 3): 0.830982542
246	(3, 3): 0.82738537
247	(3, 3): 0.828158006
248	(3, 3): 0.827516984
249	(3, 3): 0.827170761
250	(3, 3): 0.827551308
251	(3, 3): 0.832953974
252	(3, 3): 0.831937222
253	(3, 3): 0.830789359
254	(3, 3): 0.828659536
255	(3, 3): 0.828339802
256	(3, 3): 0.829095758
257	(3, 3): 0.826542009
258	(3, 3): 0.831817834
259	(3, 3): 0.834961701
260	(3, 3): 0.832062817
261	(3, 3): 0.8359039
262	(3, 3): 0.833423661
263	(3, 3): 0.840848688
264	(3, 3): 0.832539298
265	(3, 3): 0.832014105
266	(3, 3): 0.83436552
267	(3, 3): 0.827075305
268	(3, 3): 0.827120489
269	(3, 3): 0.825611905
270	(3, 3): 0.828469294
271	(3, 3): 0.828877115
272	(3, 3): 0.829136493
273	(3, 3): 0.827170523
274	(3, 3): 0.826489878
275	(3, 3): 0.829019533
276	(3, 3): 0.825211806
277	(3, 3): 0.82719871
278	(3, 3): 0.828870818
279	(3, 3): 0.829262733
280	(3, 3): 0.826890499
281	(3, 3): 0.826964455
282	(3, 3): 0.824115425
283	(3, 3): 0.82530589
284	(3, 3): 0.826683555
285	(3, 3): 0.826714444
286	(3, 3): 0.827293246
287	(3, 3): 0.82989259
288	(3, 3): 0.826936376
289	(3, 3): 0.826495943
290	(3, 3): 0.826938735
291	(3, 3): 0.825513455
292	(3, 3): 0.825771318
293	(3, 3): 0.825022369
294	(3, 3): 0.830393962
295	(3, 3): 0.828612222
296	(3, 3): 0.828003824
297	(3, 3): 0.826041881
298	(3, 3): 0.825309551
299	(3, 3): 0.823297962
300	(3, 3): 0.82322681
301	(3, 3): 0.824174713
302	(3, 3): 0.82371111
303	(3, 3): 0.823965764
304	(3, 3): 0.822594206
305	(3, 3): 0.82349568
306	(3, 3): 0.822767374
307	(3, 3): 0.824580148
308	(3, 3): 0.830793581
309	(3, 3): 0.829059835
310	(3, 3): 0.827713373
311	(3, 3): 0.82719072
312	(3, 3): 0.827498436
313	(3, 3): 0.827270165
314	(3, 3): 0.830002732
315	(3, 3): 0.831510288
316	(3, 3): 0.827257765
317	(3, 3): 0.829156586
318	(3, 3): 0.830223611
319	(3, 3): 0.827274603
320	(3, 3): 0.823535515
321	(3, 3): 0.82272913
322	(3, 3): 0.823292533
323	(3, 3): 0.824263864
324	(3, 3): 0.824241667
325	(3, 3): 0.822343739
326	(3, 3): 0.82194401
327	(3, 3): 0.823070023
328	(3, 3): 0.822799647
329	(3, 3): 0.821893681
330	(3, 3): 0.820354724
331	(3, 3): 0.823805339
332	(3, 3): 0.821736972
333	(3, 3): 0.820127812
334	(3, 3): 0.818775697
335	(3, 3): 0.820453806
336	(3, 3): 0.822257123
337	(3, 3): 0.822014368
338	(3, 3): 0.822979087
339	(3, 3): 0.823773007
340	(3, 3): 0.820765385
341	(3, 3): 0.818732097
342	(3, 3): 0.81940785
343	(3, 3): 0.822370525
344	(3, 3): 0.822923223
345	(3, 3): 0.82240344
346	(3, 3): 0.821924887
347	(3, 3): 0.819429199
348	(3, 3): 0.81925031
349	(3, 3): 0.818322194
350	(3, 3): 0.817587898
351	(3, 3): 0.816076967
352	(3, 3): 0.817361708
353	(3, 3): 0.815889684
354	(3, 3): 0.81512765
355	(3, 3): 0.81578789
356	(3, 3): 0.816071024
357	(3, 3): 0.814839949
358	(3, 3): 0.814703379
359	(3, 3): 0.817645825
360	(3, 3): 0.816136827
361	(3, 3): 0.817778102
362	(3, 3): 0.820765851
363	(3, 3): 0.819174936
364	(3, 3): 0.817991138
365	(3, 3): 0.817526244
366	(3, 3): 0.818014514
367	(3, 3): 0.816978103
368	(3, 3): 0.815245631
369	(3, 3): 0.815698726
370	(3, 3): 0.816933243
371	(3, 3): 0.817548932
372	(3, 3): 0.819852881
373	(3, 3): 0.82007117
374	(3, 3): 0.819356127
375	(3, 3): 0.820227735
376	(3, 3): 0.819573336
377	(3, 3): 0.818707315
378	(3, 3): 0.819670895
379	(3, 3): 0.821913673
380	(3, 3): 0.820013356
381	(3, 3): 0.821031533
382	(3, 3): 0.821944214
383	(3, 3): 0.821747873
384	(3, 3): 0.821857523
385	(3, 3): 0.82020823
386	(3, 3): 0.81961683
387	(3, 3): 0.819846502
388	(3, 3): 0.820388724
389	(3, 3): 0.822162448
390	(3, 3): 0.820012127
391	(3, 3): 0.819974744
392	(3, 3): 0.819351147
393	(3, 3): 0.819156461
394	(3, 3): 0.819524453
395	(3, 3): 0.818022631
396	(3, 3): 0.817873758
397	(3, 3): 0.819531103
398	(3, 3): 0.819670781
399	(3, 3): 0.819453711
400	(3, 3): 0.821640608
401	(3, 3): 0.822021374
402	(3, 3): 0.822638581
403	(3, 3): 0.822725179
404	(3, 3): 0.820609203
405	(3, 3): 0.821688106
406	(3, 3): 0.822074193
407	(3, 3): 0.822589545
408	(3, 3): 0.822292164
409	(3, 3): 0.824128593
410	(3, 3): 0.823661487
411	(3, 3): 0.822949279
412	(3, 3): 0.825455801
413	(3, 3): 0.82336558
414	(3, 3): 0.823386345
415	(3, 3): 0.826308675
416	(3, 3): 0.826518524
417	(3, 3): 0.825771565
418	(3, 3): 0.826210628
419	(3, 3): 0.826769337
420	(3, 3): 0.828483074
421	(3, 3): 0.823752916
422	(3, 3): 0.822856824
423	(3, 3): 0.825212304
424	(3, 3): 0.824924833
425	(3, 3): 0.826018455
426	(3, 3): 0.823795774
427	(3, 3): 0.82713975
428	(3, 3): 0.827720459
429	(3, 3): 0.824935084
430	(3, 3): 0.826659437
431	(3, 3): 0.827360716
432	(3, 3): 0.826789612
433	(3, 3): 0.825871782
434	(3, 3): 0.827201232
435	(3, 3): 0.828762857
436	(3, 3): 0.828269184
437	(3, 3): 0.828531481
438	(3, 3): 0.829359799
439	(3, 3): 0.83022322
440	(3, 3): 0.826437837
441	(3, 3): 0.826603267
442	(3, 3): 0.826542257
443	(3, 3): 0.832460734
444	(3, 3): 0.827729475
445	(3, 3): 0.832342028
446	(3, 3): 0.826683524
447	(3, 3): 0.825531792
448	(3, 3): 0.823174741
449	(3, 3): 0.825249501
450	(3, 3): 0.828172053
451	(3, 3): 0.827770797
452	(3, 3): 0.831821157
453	(3, 3): 0.833716114
454	(3, 3): 0.837766808
455	(3, 3): 0.832547752
456	(3, 3): 0.830698991
457	(3, 3): 0.83357401
458	(3, 3): 0.827575242
459	(3, 3): 0.831083783
460	(3, 3): 0.824922094
461	(3, 3): 0.827169473
462	(3, 3): 0.844987483
463	(3, 3): 0.828654933
464	(3, 3): 0.82710512
465	(3, 3): 0.82974988
466	(3, 3): 0.827010575
467	(3, 3): 0.832310985
468	(3, 3): 0.831938296
469	(3, 3): 0.825994524
470	(3, 3): 0.824639738
471	(3, 3): 0.823084521
472	(3, 3): 0.830230998
473	(3, 3): 0.834431369
474	(3, 3): 0.822412691
475	(3, 3): 0.821490275
476	(3, 3): 0.824692817
477	(3, 3): 0.823456203
478	(3, 3): 0.825998365
479	(3, 3): 0.825887799
480	(3, 3): 0.824944812
481	(3, 3): 0.824060372
482	(3, 3): 0.822555604
483	(3, 3): 0.82338428
484	(3, 3): 0.826357361
485	(3, 3): 0.824354962
486	(3, 3): 0.823356908
487	(3, 3): 0.82551266
488	(3, 3): 0.825710844
489	(3, 3): 0.825757812
490	(3, 3): 0.82122173
491	(3, 3): 0.821038483
492	(3, 3): 0.825186824
493	(3, 3): 0.824344162
494	(3, 3): 0.831848051
495	(3, 3): 0.832131464
496	(3, 3): 0.828323537
497	(3, 3): 0.828048033
498	(3, 3): 0.821217608
499	(3, 3): 0.821940604
500	(3, 3): 0.820758676
501	(3, 3): 0.822815054
502	(3, 3): 0.822293699
503	(3, 3): 0.821721884
504	(3, 3): 0.824542766
505	(3, 3): 0.822531502
506	(3, 3): 0.823780976
507	(3, 3): 0.823304057
508	(3, 3): 0.827157451
509	(3, 3): 0.827874363
510	(3, 3): 0.828024132
511	(3, 3): 0.825861337
512	(3, 3): 0.821948178
513	(3, 3): 0.820870723
514	(3, 3): 0.820849156
515	(3, 3): 0.822223655
516	(3, 3): 0.822491628
517	(3, 3): 0.821740847
518	(3, 3): 0.82130926
519	(3, 3): 0.820298322
520	(3, 3): 0.821593526
521	(3, 3): 0.823653573
522	(3, 3): 0.82304465
523	(3, 3): 0.824302695
524	(3, 3): 0.824855874
525	(3, 3): 0.825858651
526	(3, 3): 0.824924562
527	(3, 3): 0.823346023
528	(3, 3): 0.824426356
529	(3, 3): 0.824573622
530	(3, 3): 0.825809247
531	(3, 3): 0.823824961
532	(3, 3): 0.826041146
533	(3, 3): 0.825041606
534	(3, 3): 0.824172434
535	(3, 3): 0.823172064
536	(3, 3): 0.823304983
537	(3, 3): 0.824070228
538	(3, 3): 0.822795554
539	(3, 3): 0.821315185
540	(3, 3): 0.824595946
541	(3, 3): 0.825248908
542	(3, 3): 0.826510461
543	(3, 3): 0.824996951
544	(3, 3): 0.828299
545	(3, 3): 0.82651272
546	(3, 3): 0.836925277
547	(3, 3): 0.829960814
548	(3, 3): 0.832260274
549	(3, 3): 0.833256175
550	(3, 3): 0.831151991
551	(3, 3): 0.833708095
552	(3, 3): 0.837343802
553	(3, 3): 0.83335732
554	(3, 3): 0.834628271
555	(3, 3): 0.830312886
556	(3, 3): 0.82680362
557	(3, 3): 0.825555866
558	(3, 3): 0.825496605
559	(3, 3): 0.824461624
560	(3, 3): 0.82423345
561	(3, 3): 0.822906004
562	(3, 3): 0.823730059
