0	(2, 2): 4304.41646	(3, 3): 4304.41646
1	(2, 2): 4304.41646	(3, 3): 4304.41646
2	(2, 2): 4304.41646	(3, 3): 4304.41646
3	(2, 2): 4304.41646	(3, 3): 4304.41646
4	(2, 2): 4304.41646	(3, 3): 4304.41646
5	(2, 2): 4304.41646	(3, 3): 4304.41646
6	(2, 2): 4304.41646	(3, 3): 4304.41646
7	(2, 2): 4304.41646	(3, 3): 4304.41646
8	(2, 2): 4304.41646	(3, 3): 4304.41646
9	(2, 2): 4304.41646	(3, 3): 4304.41646
10	(2, 2): 4304.41646	(3, 3): 4304.41646
11	(2, 2): 4304.41646	(3, 3): 4304.41646
12	(2, 2): 4304.41646	(3, 3): 4304.41646
13	(2, 2): 4304.41646	(3, 3): 4304.41646
14	(2, 2): 4304.41646	(3, 3): 4304.41646
15	(2, 2): 4304.41646	(3, 3): 4304.41646
16	(2, 2): 4304.41646	(3, 3): 4304.41646
17	(2, 2): 4304.41646	(3, 3): 4304.41646
18	(2, 2): 4304.41646	(3, 3): 4304.41646
19	(2, 2): 4304.41646	(3, 3): 4304.41646
20	(2, 2): 4304.41646	(3, 3): 4304.41646
21	(2, 2): 4304.41646	(3, 3): 4304.41646
22	(2, 2): 4304.41646	(3, 3): 4304.41646
23	(2, 2): 4304.41646	(3, 3): 4304.41646
24	(2, 2): 4304.41646	(3, 3): 4304.41646
25	(2, 2): 4304.41646	(3, 3): 4304.41646
26	(2, 2): 4304.41646	(3, 3): 4304.41646
27	(2, 2): 4304.41646	(3, 3): 4304.41646
28	(2, 2): 4304.41646	(3, 3): 4304.41646
29	(2, 2): 4304.41646	(3, 3): 4304.41646
30	(2, 2): 4304.41646	(3, 3): 4304.41646
31	(2, 2): 4304.41646	(3, 3): 4304.41646
32	(2, 2): 4304.41646	(3, 3): 4304.41646
33	(2, 2): 4304.41646	(3, 3): 4304.41646
34	(2, 2): 4304.41646	(3, 3): 4304.41646
35	(2, 2): 4304.41646	(3, 3): 4304.41646
36	(2, 2): 4304.41646	(3, 3): 4304.41646
37	(2, 2): 4304.41646	(3, 3): 4304.41646
38	(2, 2): 4304.41646	(3, 3): 4304.41646
39	(2, 2): 4304.41646	(3, 3): 4304.41646
40	(2, 2): 4304.41646	(3, 3): 4304.41646
41	(2, 2): 4304.41646	(3, 3): 4304.41646
42	(2, 2): 4304.41646	(3, 3): 4304.41646
43	(2, 2): 4304.41646	(3, 3): 4304.41646
44	(2, 2): 4304.41646	(3, 3): 4304.41646
45	(2, 2): 4304.41646	(3, 3): 4304.41646
46	(2, 2): 4304.41646	(3, 3): 4304.41646
47	(2, 2): 4304.41646	(3, 3): 4304.41646
48	(2, 2): 4304.41646	(3, 3): 4304.41646
49	(2, 2): 4304.41646	(3, 3): 4304.41646
50	(2, 2): 4304.41646	(3, 3): 4304.41646
51	(2, 2): 4304.41646	(3, 3): 4304.41646
52	(2, 2): 4304.41646	(3, 3): 4304.41646
53	(2, 2): 4304.41646	(3, 3): 4304.41646
54	(2, 2): 4304.41646	(3, 3): 4304.41646
55	(2, 2): 4304.41646	(3, 3): 4304.41646
56	(2, 2): 4304.41646	(3, 3): 4304.41646
57	(2, 2): 4304.41646	(3, 3): 4304.41646
58	(2, 2): 4304.41646	(3, 3): 4304.41646
59	(2, 2): 4304.41646	(3, 3): 4304.41646
60	(2, 2): 4304.41646	(3, 3): 4304.41646
61	(2, 2): 4304.41646	(3, 3): 4304.41646
62	(2, 2): 4304.41646	(3, 3): 4304.41646
63	(2, 2): 4304.41646	(3, 3): 4304.41646
64	(2, 2): 4304.41646	(3, 3): 4304.41646
65	(2, 2): 4304.41646	(3, 3): 4304.41646
66	(2, 2): 4304.41646	(3, 3): 4304.41646
67	(2, 2): 4304.41646	(3, 3): 4304.41646
68	(2, 2): 4304.41646	(3, 3): 4304.41646
69	(2, 2): 4304.41646	(3, 3): 4304.41646
70	(2, 2): 4304.41646	(3, 3): 4304.41646
71	(2, 2): 4304.41646	(3, 3): 4304.41646
72	(2, 2): 4304.41646	(3, 3): 4304.41646
73	(2, 2): 4304.41646	(3, 3): 4304.41646
74	(2, 2): 4304.41646	(3, 3): 4304.41646
75	(2, 2): 4304.41646	(3, 3): 4304.41646
76	(2, 2): 4304.41646	(3, 3): 4304.41646
77	(2, 2): 4304.41646	(3, 3): 4304.41646
78	(2, 2): 4304.41646	(3, 3): 4304.41646
79	(2, 2): 4304.41646	(3, 3): 4304.41646
80	(2, 2): 4304.41646	(3, 3): 4304.41646
81	(2, 2): 4304.41646	(3, 3): 4304.41646
82	(2, 2): 4304.41646	(3, 3): 4304.41646
83	(2, 2): 4304.41646	(3, 3): 4304.41646
84	(2, 2): 4304.41646	(3, 3): 4304.41646
85	(2, 2): 4304.41646	(3, 3): 4304.41646
86	(2, 2): 4304.41646	(3, 3): 4304.41646
87	(2, 2): 4304.41646	(3, 3): 4304.41646
88	(2, 2): 4304.41646	(3, 3): 4304.41646
89	(2, 2): 4304.41646	(3, 3): 4304.41646
90	(2, 2): 4304.41646	(3, 3): 4304.41646
91	(2, 2): 4304.41646	(3, 3): 4304.41646
92	(2, 2): 4304.41646	(3, 3): 4304.41646
93	(2, 2): 4304.41646	(3, 3): 4304.41646
94	(2, 2): 4304.41646	(3, 3): 4304.41646
95	(2, 2): 4304.41646	(3, 3): 4304.41646
96	(2, 2): 4304.41646	(3, 3): 4304.41646
97	(2, 2): 4304.41646	(3, 3): 4304.41646
98	(2, 2): 4304.41646	(3, 3): 4304.41646
99	(2, 2): 4304.41646	(3, 3): 4304.41646
100	(2, 2): 4304.41646	(3, 3): 4304.41646
101	(2, 2): 4304.41646	(3, 3): 4304.41646
102	(2, 2): 4304.41646	(3, 3): 4304.41646
103	(2, 2): 4304.41646	(3, 3): 4304.41646
104	(2, 2): 4304.41646	(3, 3): 4304.41646
105	(2, 2): 4304.41646	(3, 3): 4304.41646
106	(2, 2): 4304.41646	(3, 3): 4304.41646
107	(2, 2): 4304.41646	(3, 3): 4304.41646
108	(2, 2): 4304.41646	(3, 3): 4304.41646
109	(2, 2): 4304.41646	(3, 3): 4304.41646
110	(2, 2): 4304.41646	(3, 3): 4304.41646
111	(2, 2): 4304.41646	(3, 3): 4304.41646
112	(2, 2): 4304.41646	(3, 3): 4304.41646
113	(2, 2): 4304.41646	(3, 3): 4304.41646
114	(2, 2): 4304.41646	(3, 3): 4304.41646
115	(2, 2): 4304.41646	(3, 3): 4304.41646
116	(2, 2): 4304.41646	(3, 3): 4304.41646
117	(2, 2): 4304.41646	(3, 3): 4304.41646
118	(2, 2): 4304.41646	(3, 3): 4304.41646
119	(2, 2): 4304.41646	(3, 3): 4304.41646
120	(2, 2): 4304.41646	(3, 3): 4304.41646
121	(2, 2): 4304.41646	(3, 3): 4304.41646
122	(2, 2): 4304.41646	(3, 3): 4304.41646
123	(2, 2): 4304.41646	(3, 3): 4304.41646
124	(2, 2): 4304.41646	(3, 3): 4304.41646
125	(2, 2): 4304.41646	(3, 3): 4304.41646
126	(2, 2): 4304.41646	(3, 3): 4304.41646
127	(2, 2): 4304.41646	(3, 3): 4304.41646
128	(2, 2): 4304.41646	(3, 3): 4304.41646
129	(2, 2): 4304.41646	(3, 3): 4304.41646
130	(2, 2): 4304.41646	(3, 3): 4304.41646
131	(2, 2): 4304.41646	(3, 3): 4304.41646
132	(2, 2): 4304.41646	(3, 3): 4304.41646
133	(2, 2): 4304.41646	(3, 3): 4304.41646
134	(2, 2): 4304.41646	(3, 3): 4304.41646
135	(2, 2): 4304.41646	(3, 3): 4304.41646
136	(2, 2): 4304.41646	(3, 3): 4304.41646
137	(2, 2): 4304.41646	(3, 3): 4304.41646
138	(2, 2): 4304.41646	(3, 3): 4304.41646
139	(2, 2): 4304.41646	(3, 3): 4304.41646
140	(2, 2): 4304.41646	(3, 3): 4304.41646
141	(2, 2): 4304.41646	(3, 3): 4304.41646
142	(2, 2): 4304.41646	(3, 3): 4304.41646
143	(2, 2): 4304.41646	(3, 3): 4304.41646
144	(2, 2): 4304.41646	(3, 3): 4304.41646
145	(2, 2): 4304.41646	(3, 3): 4304.41646
146	(2, 2): 4304.41646	(3, 3): 4304.41646
147	(2, 2): 4304.41646	(3, 3): 4304.41646
148	(2, 2): 4304.41646	(3, 3): 4304.41646
149	(2, 2): 4304.41646	(3, 3): 4304.41646
150	(2, 2): 4304.41646	(3, 3): 4304.41646
151	(2, 2): 4304.41646	(3, 3): 4304.41646
152	(2, 2): 4304.41646	(3, 3): 4304.41646
153	(2, 2): 4304.41646	(3, 3): 4304.41646
154	(2, 2): 4304.41646	(3, 3): 4304.41646
155	(2, 2): 4304.41646	(3, 3): 4304.41646
156	(2, 2): 4304.41646	(3, 3): 4304.41646
157	(2, 2): 4304.41646	(3, 3): 4304.41646
158	(2, 2): 4304.41646	(3, 3): 4304.41646
159	(2, 2): 4304.41646	(3, 3): 4304.41646
160	(2, 2): 4304.41646	(3, 3): 4304.41646
161	(2, 2): 4304.41646	(3, 3): 4304.41646
162	(2, 2): 4304.41646	(3, 3): 4304.41646
163	(2, 2): 4304.41646	(3, 3): 4304.41646
164	(2, 2): 4304.41646	(3, 3): 4304.41646
165	(2, 2): 4304.41646	(3, 3): 4304.41646
166	(2, 2): 4304.41646	(3, 3): 4304.41646
167	(2, 2): 4304.41646	(3, 3): 4304.41646
168	(2, 2): 4304.41646	(3, 3): 4304.41646
169	(2, 2): 4304.41646	(3, 3): 4304.41646
170	(2, 2): 4304.41646	(3, 3): 4304.41646
171	(2, 2): 4304.41646	(3, 3): 4304.41646
172	(2, 2): 4304.41646	(3, 3): 4304.41646
173	(2, 2): 4304.41646	(3, 3): 4304.41646
174	(2, 2): 4304.41646	(3, 3): 4304.41646
175	(2, 2): 4304.41646	(3, 3): 4304.41646
176	(2, 2): 4304.41646	(3, 3): 4304.41646
177	(2, 2): 4304.41646	(3, 3): 4304.41646
178	(2, 2): 4304.41646	(3, 3): 4304.41646
179	(2, 2): 4304.41646	(3, 3): 4304.41646
180	(2, 2): 4304.41646	(3, 3): 4304.41646
181	(2, 2): 4304.41646	(3, 3): 4304.41646
182	(2, 2): 4304.41646	(3, 3): 4304.41646
183	(2, 2): 4304.41646	(3, 3): 4304.41646
184	(2, 2): 4304.41646	(3, 3): 4304.41646
185	(2, 2): 4304.41646	(3, 3): 4304.41646
186	(2, 2): 4304.41646	(3, 3): 4304.41646
187	(2, 2): 4304.41646	(3, 3): 4304.41646
188	(2, 2): 4304.41646	(3, 3): 4304.41646
189	(2, 2): 4304.41646	(3, 3): 4304.41646
190	(2, 2): 4304.41646	(3, 3): 4304.41646
191	(2, 2): 4304.41646	(3, 3): 4304.41646
192	(2, 2): 4304.41646	(3, 3): 4304.41646
193	(2, 2): 4304.41646	(3, 3): 4304.41646
194	(2, 2): 4304.41646	(3, 3): 4304.41646
195	(2, 2): 4304.41646	(3, 3): 4304.41646
196	(2, 2): 4304.41646	(3, 3): 4304.41646
197	(2, 2): 4304.41646	(3, 3): 4304.41646
198	(2, 2): 4304.41646	(3, 3): 4304.41646
199	(2, 2): 4304.41646	(3, 3): 4304.41646
200	(2, 2): 4304.41646	(3, 3): 4304.41646
201	(2, 2): 4304.41646	(3, 3): 4304.41646
202	(2, 2): 4304.41646	(3, 3): 4304.41646
203	(2, 2): 4304.41646	(3, 3): 4304.41646
204	(2, 2): 4304.41646	(3, 3): 4304.41646
205	(2, 2): 4304.41646	(3, 3): 4304.41646
206	(2, 2): 4304.41646	(3, 3): 4304.41646
207	(2, 2): 4304.41646	(3, 3): 4304.41646
208	(2, 2): 4304.41646	(3, 3): 4304.41646
209	(2, 2): 4304.41646	(3, 3): 4304.41646
210	(2, 2): 4304.41646	(3, 3): 4304.41646
211	(2, 2): 4304.41646	(3, 3): 4304.41646
212	(2, 2): 4304.41646	(3, 3): 4304.41646
213	(2, 2): 4304.41646	(3, 3): 4304.41646
214	(2, 2): 4304.41646	(3, 3): 4304.41646
215	(2, 2): 4304.41646	(3, 3): 4304.41646
216	(2, 2): 4304.41646	(3, 3): 4304.41646
217	(2, 2): 4304.41646	(3, 3): 4304.41646
218	(2, 2): 4304.41646	(3, 3): 4304.41646
219	(2, 2): 4304.41646	(3, 3): 4304.41646
220	(2, 2): 4304.41646	(3, 3): 4304.41646
221	(2, 2): 4304.41646	(3, 3): 4304.41646
222	(2, 2): 4304.41646	(3, 3): 4304.41646
223	(2, 2): 4304.41646	(3, 3): 4304.41646
224	(2, 2): 4304.41646	(3, 3): 4304.41646
225	(2, 2): 4304.41646	(3, 3): 4304.41646
226	(2, 2): 4304.41646	(3, 3): 4304.41646
227	(2, 2): 4304.41646	(3, 3): 4304.41646
228	(2, 2): 4304.41646	(3, 3): 4304.41646
229	(2, 2): 4304.41646	(3, 3): 4304.41646
230	(2, 2): 4304.41646	(3, 3): 4304.41646
231	(2, 2): 4304.41646	(3, 3): 4304.41646
232	(2, 2): 4304.41646	(3, 3): 4304.41646
233	(2, 2): 4304.41646	(3, 3): 4304.41646
234	(2, 2): 4304.41646	(3, 3): 4304.41646
235	(2, 2): 4304.41646	(3, 3): 4304.41646
236	(2, 2): 4304.41646	(3, 3): 4304.41646
237	(2, 2): 4304.41646	(3, 3): 4304.41646
238	(2, 2): 4304.41646	(3, 3): 4304.41646
239	(2, 2): 4304.41646	(3, 3): 4304.41646
240	(2, 2): 4304.41646	(3, 3): 4304.41646
241	(2, 2): 4304.41646	(3, 3): 4304.41646
242	(2, 2): 4304.41646	(3, 3): 4304.41646
243	(2, 2): 4304.41646	(3, 3): 4304.41646
244	(2, 2): 4304.41646	(3, 3): 4304.41646
245	(2, 2): 4304.41646	(3, 3): 4304.41646
246	(2, 2): 4304.41646	(3, 3): 4304.41646
247	(2, 2): 4304.41646	(3, 3): 4304.41646
248	(2, 2): 4304.41646	(3, 3): 4304.41646
249	(2, 2): 4304.41646	(3, 3): 4304.41646
250	(2, 2): 4304.41646	(3, 3): 4304.41646
251	(2, 2): 4304.41646	(3, 3): 4304.41646
252	(2, 2): 4304.41646	(3, 3): 4304.41646
253	(2, 2): 4304.41646	(3, 3): 4304.41646
254	(2, 2): 4304.41646	(3, 3): 4304.41646
255	(2, 2): 4304.41646	(3, 3): 4304.41646
256	(2, 2): 4304.41646	(3, 3): 4304.41646
257	(2, 2): 4304.41646	(3, 3): 4304.41646
258	(2, 2): 4304.41646	(3, 3): 4304.41646
259	(2, 2): 4304.41646	(3, 3): 4304.41646
260	(2, 2): 4304.41646	(3, 3): 4304.41646
261	(2, 2): 4304.41646	(3, 3): 4304.41646
262	(2, 2): 4304.41646	(3, 3): 4304.41646
263	(2, 2): 4304.41646	(3, 3): 4304.41646
264	(2, 2): 4304.41646	(3, 3): 4304.41646
265	(2, 2): 4304.41646	(3, 3): 4304.41646
266	(2, 2): 4304.41646	(3, 3): 4304.41646
267	(2, 2): 4304.41646	(3, 3): 4304.41646
268	(2, 2): 4304.41646	(3, 3): 4304.41646
269	(2, 2): 4304.41646	(3, 3): 4304.41646
270	(2, 2): 4304.41646	(3, 3): 4304.41646
271	(2, 2): 4304.41646	(3, 3): 4304.41646
272	(2, 2): 4304.41646	(3, 3): 4304.41646
273	(2, 2): 4304.41646	(3, 3): 4304.41646
274	(2, 2): 4304.41646	(3, 3): 4304.41646
275	(2, 2): 4304.41646	(3, 3): 4304.41646
276	(2, 2): 4304.41646	(3, 3): 4304.41646
277	(2, 2): 4304.41646	(3, 3): 4304.41646
278	(2, 2): 4304.41646	(3, 3): 4304.41646
279	(2, 2): 4304.41646	(3, 3): 4304.41646
280	(2, 2): 4304.41646	(3, 3): 4304.41646
281	(2, 2): 4304.41646	(3, 3): 4304.41646
282	(2, 2): 4304.41646	(3, 3): 4304.41646
283	(2, 2): 4304.41646	(3, 3): 4304.41646
284	(2, 2): 4304.41646	(3, 3): 4304.41646
285	(2, 2): 4304.41646	(3, 3): 4304.41646
286	(2, 2): 4304.41646	(3, 3): 4304.41646
287	(2, 2): 4304.41646	(3, 3): 4304.41646
288	(2, 2): 4304.41646	(3, 3): 4304.41646
289	(2, 2): 4304.41646	(3, 3): 4304.41646
290	(2, 2): 4304.41646	(3, 3): 4304.41646
291	(2, 2): 4304.41646	(3, 3): 4304.41646
292	(2, 2): 4304.41646	(3, 3): 4304.41646
293	(2, 2): 4304.41646	(3, 3): 4304.41646
294	(2, 2): 4304.41646	(3, 3): 4304.41646
295	(2, 2): 4304.41646	(3, 3): 4304.41646
296	(2, 2): 4304.41646	(3, 3): 4304.41646
297	(2, 2): 4304.41646	(3, 3): 4304.41646
298	(2, 2): 4304.41646	(3, 3): 4304.41646
299	(2, 2): 4304.41646	(3, 3): 4304.41646
300	(2, 2): 4304.41646	(3, 3): 4304.41646
301	(2, 2): 4304.41646	(3, 3): 4304.41646
302	(2, 2): 4304.41646	(3, 3): 4304.41646
303	(2, 2): 4304.41646	(3, 3): 4304.41646
304	(2, 2): 4304.41646	(3, 3): 4304.41646
305	(2, 2): 4304.41646	(3, 3): 4304.41646
306	(2, 2): 4304.41646	(3, 3): 4304.41646
307	(2, 2): 4304.41646	(3, 3): 4304.41646
308	(2, 2): 4304.41646	(3, 3): 4304.41646
309	(2, 2): 4304.41646	(3, 3): 4304.41646
310	(2, 2): 4304.41646	(3, 3): 4304.41646
311	(2, 2): 4304.41646	(3, 3): 4304.41646
312	(2, 2): 4304.41646	(3, 3): 4304.41646
313	(2, 2): 4304.41646	(3, 3): 4304.41646
314	(2, 2): 4304.41646	(3, 3): 4304.41646
315	(2, 2): 4304.41646	(3, 3): 4304.41646
316	(2, 2): 4304.41646	(3, 3): 4304.41646
317	(2, 2): 4304.41646	(3, 3): 4304.41646
318	(2, 2): 4304.41646	(3, 3): 4304.41646
319	(2, 2): 4304.41646	(3, 3): 4304.41646
320	(2, 2): 4304.41646	(3, 3): 4304.41646
321	(2, 2): 4304.41646	(3, 3): 4304.41646
322	(2, 2): 4304.41646	(3, 3): 4304.41646
323	(2, 2): 4304.41646	(3, 3): 4304.41646
324	(2, 2): 4304.41646	(3, 3): 4304.41646
325	(2, 2): 4304.41646	(3, 3): 4304.41646
326	(2, 2): 4304.41646	(3, 3): 4304.41646
327	(2, 2): 4304.41646	(3, 3): 4304.41646
328	(2, 2): 4304.41646	(3, 3): 4304.41646
329	(2, 2): 4304.41646	(3, 3): 4304.41646
330	(2, 2): 4304.41646	(3, 3): 4304.41646
331	(2, 2): 4304.41646	(3, 3): 4304.41646
332	(2, 2): 4304.41646	(3, 3): 4304.41646
333	(2, 2): 4304.41646	(3, 3): 4304.41646
334	(2, 2): 4304.41646	(3, 3): 4304.41646
335	(2, 2): 4304.41646	(3, 3): 4304.41646
336	(2, 2): 4304.41646	(3, 3): 4304.41646
337	(2, 2): 4304.41646	(3, 3): 4304.41646
338	(2, 2): 4304.41646	(3, 3): 4304.41646
339	(2, 2): 4304.41646	(3, 3): 4304.41646
340	(2, 2): 4304.41646	(3, 3): 4304.41646
341	(2, 2): 4304.41646	(3, 3): 4304.41646
342	(2, 2): 4304.41646	(3, 3): 4304.41646
343	(2, 2): 4304.41646	(3, 3): 4304.41646
344	(2, 2): 4304.41646	(3, 3): 4304.41646
345	(2, 2): 4304.41646	(3, 3): 4304.41646
346	(2, 2): 4304.41646	(3, 3): 4304.41646
347	(2, 2): 4304.41646	(3, 3): 4304.41646
348	(2, 2): 4304.41646	(3, 3): 4304.41646
349	(2, 2): 4304.41646	(3, 3): 4304.41646
350	(2, 2): 4304.41646	(3, 3): 4304.41646
351	(2, 2): 4304.41646	(3, 3): 4304.41646
352	(2, 2): 4304.41646	(3, 3): 4304.41646
353	(2, 2): 4304.41646	(3, 3): 4304.41646
354	(2, 2): 4304.41646	(3, 3): 4304.41646
355	(2, 2): 4304.41646	(3, 3): 4304.41646
356	(2, 2): 4304.41646	(3, 3): 4304.41646
357	(2, 2): 4304.41646	(3, 3): 4304.41646
358	(2, 2): 4304.41646	(3, 3): 4304.41646
359	(2, 2): 4304.41646	(3, 3): 4304.41646
360	(2, 2): 4304.41646	(3, 3): 4304.41646
361	(2, 2): 4304.41646	(3, 3): 4304.41646
362	(2, 2): 4304.41646	(3, 3): 4304.41646
363	(2, 2): 4304.41646	(3, 3): 4304.41646
364	(2, 2): 4304.41646	(3, 3): 4304.41646
365	(2, 2): 4304.41646	(3, 3): 4304.41646
366	(2, 2): 4304.41646	(3, 3): 4304.41646
367	(2, 2): 4304.41646	(3, 3): 4304.41646
368	(2, 2): 4304.41646	(3, 3): 4304.41646
369	(2, 2): 4304.41646	(3, 3): 4304.41646
370	(2, 2): 4304.41646	(3, 3): 4304.41646
371	(2, 2): 4304.41646	(3, 3): 4304.41646
372	(2, 2): 4304.41646	(3, 3): 4304.41646
373	(2, 2): 4304.41646	(3, 3): 4304.41646
374	(2, 2): 4304.41646	(3, 3): 4304.41646
375	(2, 2): 4304.41646	(3, 3): 4304.41646
376	(2, 2): 4304.41646	(3, 3): 4304.41646
377	(2, 2): 4304.41646	(3, 3): 4304.41646
378	(2, 2): 4304.41646	(3, 3): 4304.41646
379	(2, 2): 4304.41646	(3, 3): 4304.41646
380	(2, 2): 4304.41646	(3, 3): 4304.41646
381	(2, 2): 4304.41646	(3, 3): 4304.41646
382	(2, 2): 4304.41646	(3, 3): 4304.41646
383	(2, 2): 4304.41646	(3, 3): 4304.41646
384	(2, 2): 4304.41646	(3, 3): 4304.41646
385	(2, 2): 4304.41646	(3, 3): 4304.41646
386	(2, 2): 4304.41646	(3, 3): 4304.41646
387	(2, 2): 4304.41646	(3, 3): 4304.41646
388	(2, 2): 4304.41646	(3, 3): 4304.41646
389	(2, 2): 4304.41646	(3, 3): 4304.41646
390	(2, 2): 4304.41646	(3, 3): 4304.41646
391	(2, 2): 4304.41646	(3, 3): 4304.41646
392	(2, 2): 4304.41646	(3, 3): 4304.41646
393	(2, 2): 4304.41646	(3, 3): 4304.41646
394	(2, 2): 4304.41646	(3, 3): 4304.41646
395	(2, 2): 4304.41646	(3, 3): 4304.41646
396	(2, 2): 4304.41646	(3, 3): 4304.41646
397	(2, 2): 4304.41646	(3, 3): 4304.41646
398	(2, 2): 4304.41646	(3, 3): 4304.41646
399	(2, 2): 4304.41646	(3, 3): 4304.41646
400	(2, 2): 4304.41646	(3, 3): 4304.41646
401	(2, 2): 4304.41646	(3, 3): 4304.41646
402	(2, 2): 4304.41646	(3, 3): 4304.41646
403	(2, 2): 4304.41646	(3, 3): 4304.41646
404	(2, 2): 4304.41646	(3, 3): 4304.41646
405	(2, 2): 4304.41646	(3, 3): 4304.41646
406	(2, 2): 4304.41646	(3, 3): 4304.41646
407	(2, 2): 4304.41646	(3, 3): 4304.41646
408	(2, 2): 4304.41646	(3, 3): 4304.41646
409	(2, 2): 4304.41646	(3, 3): 4304.41646
410	(2, 2): 4304.41646	(3, 3): 4304.41646
411	(2, 2): 4304.41646	(3, 3): 4304.41646
412	(2, 2): 4304.41646	(3, 3): 4304.41646
413	(2, 2): 4304.41646	(3, 3): 4304.41646
414	(2, 2): 4304.41646	(3, 3): 4304.41646
415	(2, 2): 4304.41646	(3, 3): 4304.41646
416	(2, 2): 4304.41646	(3, 3): 4304.41646
417	(2, 2): 4304.41646	(3, 3): 4304.41646
418	(2, 2): 4304.41646	(3, 3): 4304.41646
419	(2, 2): 4304.41646	(3, 3): 4304.41646
420	(2, 2): 4304.41646	(3, 3): 4304.41646
421	(2, 2): 4304.41646	(3, 3): 4304.41646
422	(2, 2): 4304.41646	(3, 3): 4304.41646
423	(2, 2): 4304.41646	(3, 3): 4304.41646
424	(2, 2): 4304.41646	(3, 3): 4304.41646
425	(2, 2): 4304.41646	(3, 3): 4304.41646
426	(2, 2): 4304.41646	(3, 3): 4304.41646
427	(2, 2): 4304.41646	(3, 3): 4304.41646
428	(2, 2): 4304.41646	(3, 3): 4304.41646
429	(2, 2): 4304.41646	(3, 3): 4304.41646
430	(2, 2): 4304.41646	(3, 3): 4304.41646
431	(2, 2): 4304.41646	(3, 3): 4304.41646
432	(2, 2): 4304.41646	(3, 3): 4304.41646
433	(2, 2): 4304.41646	(3, 3): 4304.41646
434	(2, 2): 4304.41646	(3, 3): 4304.41646
435	(2, 2): 4304.41646	(3, 3): 4304.41646
436	(2, 2): 4304.41646	(3, 3): 4304.41646
437	(2, 2): 4304.41646	(3, 3): 4304.41646
438	(2, 2): 4304.41646	(3, 3): 4304.41646
439	(2, 2): 4304.41646	(3, 3): 4304.41646
440	(2, 2): 4304.41646	(3, 3): 4304.41646
441	(2, 2): 4304.41646	(3, 3): 4304.41646
442	(2, 2): 4304.41646	(3, 3): 4304.41646
443	(2, 2): 4304.41646	(3, 3): 4304.41646
444	(2, 2): 4304.41646	(3, 3): 4304.41646
445	(2, 2): 4304.41646	(3, 3): 4304.41646
446	(2, 2): 4304.41646	(3, 3): 4304.41646
447	(2, 2): 4304.41646	(3, 3): 4304.41646
448	(2, 2): 4304.41646	(3, 3): 4304.41646
449	(2, 2): 4304.41646	(3, 3): 4304.41646
450	(2, 2): 4304.41646	(3, 3): 4304.41646
451	(2, 2): 4304.41646	(3, 3): 4304.41646
452	(2, 2): 4304.41646	(3, 3): 4304.41646
453	(2, 2): 4304.41646	(3, 3): 4304.41646
454	(2, 2): 4304.41646	(3, 3): 4304.41646
455	(2, 2): 4304.41646	(3, 3): 4304.41646
456	(2, 2): 4304.41646	(3, 3): 4304.41646
457	(2, 2): 4304.41646	(3, 3): 4304.41646
458	(2, 2): 4304.41646	(3, 3): 4304.41646
459	(2, 2): 4304.41646	(3, 3): 4304.41646
460	(2, 2): 4304.41646	(3, 3): 4304.41646
461	(2, 2): 4304.41646	(3, 3): 4304.41646
462	(2, 2): 4304.41646	(3, 3): 4304.41646
463	(2, 2): 4304.41646	(3, 3): 4304.41646
464	(2, 2): 4304.41646	(3, 3): 4304.41646
465	(2, 2): 4304.41646	(3, 3): 4304.41646
466	(2, 2): 4304.41646	(3, 3): 4304.41646
467	(2, 2): 4304.41646	(3, 3): 4304.41646
468	(2, 2): 4304.41646	(3, 3): 4304.41646
469	(2, 2): 4304.41646	(3, 3): 4304.41646
470	(2, 2): 4304.41646	(3, 3): 4304.41646
471	(2, 2): 4304.41646	(3, 3): 4304.41646
472	(2, 2): 4304.41646	(3, 3): 4304.41646
473	(2, 2): 4304.41646	(3, 3): 4304.41646
474	(2, 2): 4304.41646	(3, 3): 4304.41646
475	(2, 2): 4304.41646	(3, 3): 4304.41646
476	(2, 2): 4304.41646	(3, 3): 4304.41646
477	(2, 2): 4304.41646	(3, 3): 4304.41646
478	(2, 2): 4304.41646	(3, 3): 4304.41646
479	(2, 2): 4304.41646	(3, 3): 4304.41646
480	(2, 2): 4304.41646	(3, 3): 4304.41646
481	(2, 2): 4304.41646	(3, 3): 4304.41646
482	(2, 2): 4304.41646	(3, 3): 4304.41646
483	(2, 2): 4304.41646	(3, 3): 4304.41646
484	(2, 2): 4304.41646	(3, 3): 4304.41646
485	(2, 2): 4304.41646	(3, 3): 4304.41646
486	(2, 2): 4304.41646	(3, 3): 4304.41646
487	(2, 2): 4304.41646	(3, 3): 4304.41646
488	(2, 2): 4304.41646	(3, 3): 4304.41646
489	(2, 2): 4304.41646	(3, 3): 4304.41646
490	(2, 2): 4304.41646	(3, 3): 4304.41646
491	(2, 2): 4304.41646	(3, 3): 4304.41646
492	(2, 2): 4304.41646	(3, 3): 4304.41646
493	(2, 2): 4304.41646	(3, 3): 4304.41646
494	(2, 2): 4304.41646	(3, 3): 4304.41646
495	(2, 2): 4304.41646	(3, 3): 4304.41646
496	(2, 2): 4304.41646	(3, 3): 4304.41646
497	(2, 2): 4304.41646	(3, 3): 4304.41646
498	(2, 2): 4304.41646	(3, 3): 4304.41646
499	(2, 2): 4304.41646	(3, 3): 4304.41646
500	(2, 2): 4304.41646	(3, 3): 4304.41646
501	(2, 2): 4304.41646	(3, 3): 4304.41646
502	(2, 2): 4304.41646	(3, 3): 4304.41646
503	(2, 2): 4304.41646	(3, 3): 4304.41646
504	(2, 2): 4304.41646	(3, 3): 4304.41646
505	(2, 2): 4304.41646	(3, 3): 4304.41646
506	(2, 2): 4304.41646	(3, 3): 4304.41646
507	(2, 2): 4304.41646	(3, 3): 4304.41646
508	(2, 2): 4304.41646	(3, 3): 4304.41646
509	(2, 2): 4304.41646	(3, 3): 4304.41646
510	(2, 2): 4304.41646	(3, 3): 4304.41646
511	(2, 2): 4304.41646	(3, 3): 4304.41646
512	(2, 2): 4304.41646	(3, 3): 4304.41646
513	(2, 2): 4304.41646	(3, 3): 4304.41646
514	(2, 2): 4304.41646	(3, 3): 4304.41646
515	(2, 2): 4304.41646	(3, 3): 4304.41646
516	(2, 2): 4304.41646	(3, 3): 4304.41646
517	(2, 2): 4304.41646	(3, 3): 4304.41646
518	(2, 2): 4304.41646	(3, 3): 4304.41646
519	(2, 2): 4304.41646	(3, 3): 4304.41646
520	(2, 2): 4304.41646	(3, 3): 4304.41646
521	(2, 2): 4304.41646	(3, 3): 4304.41646
522	(2, 2): 4304.41646	(3, 3): 4304.41646
523	(2, 2): 4304.41646	(3, 3): 4304.41646
524	(2, 2): 4304.41646	(3, 3): 4304.41646
525	(2, 2): 4304.41646	(3, 3): 4304.41646
526	(2, 2): 4304.41646	(3, 3): 4304.41646
527	(2, 2): 4304.41646	(3, 3): 4304.41646
528	(2, 2): 4304.41646	(3, 3): 4304.41646
529	(2, 2): 4304.41646	(3, 3): 4304.41646
530	(2, 2): 4304.41646	(3, 3): 4304.41646
531	(2, 2): 4304.41646	(3, 3): 4304.41646
532	(2, 2): 4304.41646	(3, 3): 4304.41646
533	(2, 2): 4304.41646	(3, 3): 4304.41646
534	(2, 2): 4304.41646	(3, 3): 4304.41646
535	(2, 2): 4304.41646	(3, 3): 4304.41646
536	(2, 2): 4304.41646	(3, 3): 4304.41646
537	(2, 2): 4304.41646	(3, 3): 4304.41646
538	(2, 2): 4304.41646	(3, 3): 4304.41646
539	(2, 2): 4304.41646	(3, 3): 4304.41646
540	(2, 2): 4304.41646	(3, 3): 4304.41646
541	(2, 2): 4304.41646	(3, 3): 4304.41646
542	(2, 2): 4304.41646	(3, 3): 4304.41646
543	(2, 2): 4304.41646	(3, 3): 4304.41646
544	(2, 2): 4304.41646	(3, 3): 4304.41646
545	(2, 2): 4304.41646	(3, 3): 4304.41646
546	(2, 2): 4304.41646	(3, 3): 4304.41646
547	(2, 2): 4304.41646	(3, 3): 4304.41646
548	(2, 2): 4304.41646	(3, 3): 4304.41646
549	(2, 2): 4304.41646	(3, 3): 4304.41646
550	(2, 2): 4304.41646	(3, 3): 4304.41646
551	(2, 2): 4304.41646	(3, 3): 4304.41646
552	(2, 2): 4304.41646	(3, 3): 4304.41646
553	(2, 2): 4304.41646	(3, 3): 4304.41646
554	(2, 2): 4304.41646	(3, 3): 4304.41646
555	(2, 2): 4304.41646	(3, 3): 4304.41646
556	(2, 2): 4304.41646	(3, 3): 4304.41646
557	(2, 2): 4304.41646	(3, 3): 4304.41646
558	(2, 2): 4304.41646	(3, 3): 4304.41646
559	(2, 2): 4304.41646	(3, 3): 4304.41646
560	(2, 2): 4304.41646	(3, 3): 4304.41646
561	(2, 2): 4304.41646	(3, 3): 4304.41646
562	(2, 2): 4304.41646	(3, 3): 4304.41646
563	(2, 2): 4304.41646	(3, 3): 4304.41646
564	(2, 2): 4304.41646	(3, 3): 4304.41646
565	(2, 2): 4304.41646	(3, 3): 4304.41646
566	(2, 2): 4304.41646	(3, 3): 4304.41646
567	(2, 2): 4304.41646	(3, 3): 4304.41646
568	(2, 2): 4304.41646	(3, 3): 4304.41646
569	(2, 2): 4304.41646	(3, 3): 4304.41646
570	(2, 2): 4304.41646	(3, 3): 4304.41646
571	(2, 2): 4304.41646	(3, 3): 4304.41646
572	(2, 2): 4304.41646	(3, 3): 4304.41646
573	(2, 2): 4304.41646	(3, 3): 4304.41646
574	(2, 2): 4304.41646	(3, 3): 4304.41646
575	(2, 2): 4304.41646	(3, 3): 4304.41646
576	(2, 2): 4304.41646	(3, 3): 4304.41646
577	(2, 2): 4304.41646	(3, 3): 4304.41646
578	(2, 2): 4304.41646	(3, 3): 4304.41646
579	(2, 2): 4304.41646	(3, 3): 4304.41646
580	(2, 2): 4304.41646	(3, 3): 4304.41646
581	(2, 2): 4304.41646	(3, 3): 4304.41646
582	(2, 2): 4304.41646	(3, 3): 4304.41646
583	(2, 2): 4304.41646	(3, 3): 4304.41646
584	(2, 2): 4304.41646	(3, 3): 4304.41646
585	(2, 2): 4304.41646	(3, 3): 4304.41646
586	(2, 2): 4304.41646	(3, 3): 4304.41646
587	(2, 2): 4304.41646	(3, 3): 4304.41646
588	(2, 2): 4304.41646	(3, 3): 4304.41646
589	(2, 2): 4304.41646	(3, 3): 4304.41646
590	(2, 2): 4304.41646	(3, 3): 4304.41646
591	(2, 2): 4304.41646	(3, 3): 4304.41646
592	(2, 2): 4304.41646	(3, 3): 4304.41646
593	(2, 2): 4304.41646	(3, 3): 4304.41646
594	(2, 2): 4304.41646	(3, 3): 4304.41646
595	(2, 2): 4304.41646	(3, 3): 4304.41646
596	(2, 2): 4304.41646	(3, 3): 4304.41646
597	(2, 2): 4304.41646	(3, 3): 4304.41646
598	(2, 2): 4304.41646	(3, 3): 4304.41646
599	(2, 2): 4304.41646	(3, 3): 4304.41646
600	(2, 2): 4304.41646	(3, 3): 4304.41646
601	(2, 2): 4304.41646	(3, 3): 4304.41646
602	(2, 2): 4304.41646	(3, 3): 4304.41646
603	(2, 2): 4304.41646	(3, 3): 4304.41646
604	(2, 2): 4304.41646	(3, 3): 4304.41646
605	(2, 2): 4304.41646	(3, 3): 4304.41646
606	(2, 2): 4304.41646	(3, 3): 4304.41646
607	(2, 2): 4304.41646	(3, 3): 4304.41646
608	(2, 2): 4304.41646	(3, 3): 4304.41646
609	(2, 2): 4304.41646	(3, 3): 4304.41646
610	(2, 2): 4304.41646	(3, 3): 4304.41646
611	(2, 2): 4304.41646	(3, 3): 4304.41646
612	(2, 2): 4304.41646	(3, 3): 4304.41646
613	(2, 2): 4304.41646	(3, 3): 4304.41646
614	(2, 2): 4304.41646	(3, 3): 4304.41646
615	(2, 2): 4304.41646	(3, 3): 4304.41646
616	(2, 2): 4304.41646	(3, 3): 4304.41646
617	(2, 2): 4304.41646	(3, 3): 4304.41646
618	(2, 2): 4304.41646	(3, 3): 4304.41646
619	(2, 2): 4304.41646	(3, 3): 4304.41646
620	(2, 2): 4304.41646	(3, 3): 4304.41646
621	(2, 2): 4304.41646	(3, 3): 4304.41646
622	(2, 2): 4304.41646	(3, 3): 4304.41646
623	(2, 2): 4304.41646	(3, 3): 4304.41646
624	(2, 2): 4304.41646	(3, 3): 4304.41646
625	(2, 2): 4304.41646	(3, 3): 4304.41646
626	(2, 2): 4304.41646	(3, 3): 4304.41646
627	(2, 2): 4304.41646	(3, 3): 4304.41646
628	(2, 2): 4304.41646	(3, 3): 4304.41646
629	(2, 2): 4304.41646	(3, 3): 4304.41646
630	(2, 2): 4304.41646	(3, 3): 4304.41646
631	(2, 2): 4304.41646	(3, 3): 4304.41646
632	(2, 2): 4304.41646	(3, 3): 4304.41646
633	(2, 2): 4304.41646	(3, 3): 4304.41646
634	(2, 2): 4304.41646	(3, 3): 4304.41646
635	(2, 2): 4304.41646	(3, 3): 4304.41646
636	(2, 2): 4304.41646	(3, 3): 4304.41646
637	(2, 2): 4304.41646	(3, 3): 4304.41646
638	(2, 2): 4304.41646	(3, 3): 4304.41646
639	(2, 2): 4304.41646	(3, 3): 4304.41646
640	(2, 2): 4304.41646	(3, 3): 4304.41646
641	(2, 2): 4304.41646	(3, 3): 4304.41646
642	(2, 2): 4304.41646	(3, 3): 4304.41646
643	(2, 2): 4304.41646	(3, 3): 4304.41646
644	(2, 2): 4304.41646	(3, 3): 4304.41646
645	(2, 2): 4304.41646	(3, 3): 4304.41646
646	(2, 2): 4304.41646	(3, 3): 4304.41646
647	(2, 2): 4304.41646	(3, 3): 4304.41646
648	(2, 2): 4304.41646	(3, 3): 4304.41646
649	(2, 2): 4304.41646	(3, 3): 4304.41646
650	(2, 2): 4304.41646	(3, 3): 4304.41646
651	(2, 2): 4304.41646	(3, 3): 4304.41646
652	(2, 2): 4304.41646	(3, 3): 4304.41646
653	(2, 2): 4304.41646	(3, 3): 4304.41646
654	(2, 2): 4304.41646	(3, 3): 4304.41646
655	(2, 2): 4304.41646	(3, 3): 4304.41646
656	(2, 2): 4304.41646	(3, 3): 4304.41646
657	(2, 2): 4304.41646	(3, 3): 4304.41646
658	(2, 2): 4304.41646	(3, 3): 4304.41646
659	(2, 2): 4304.41646	(3, 3): 4304.41646
660	(2, 2): 4304.41646	(3, 3): 4304.41646
661	(2, 2): 4304.41646	(3, 3): 4304.41646
662	(2, 2): 4304.41646	(3, 3): 4304.41646
663	(2, 2): 4304.41646	(3, 3): 4304.41646
664	(2, 2): 4304.41646	(3, 3): 4304.41646
665	(2, 2): 4304.41646	(3, 3): 4304.41646
666	(2, 2): 4304.41646	(3, 3): 4304.41646
667	(2, 2): 4304.41646	(3, 3): 4304.41646
668	(2, 2): 4304.41646	(3, 3): 4304.41646
669	(2, 2): 4304.41646	(3, 3): 4304.41646
670	(2, 2): 4304.41646	(3, 3): 4304.41646
671	(2, 2): 4304.41646	(3, 3): 4304.41646
672	(2, 2): 4304.41646	(3, 3): 4304.41646
673	(2, 2): 4304.41646	(3, 3): 4304.41646
674	(2, 2): 4304.41646	(3, 3): 4304.41646
675	(2, 2): 4304.41646	(3, 3): 4304.41646
676	(2, 2): 4304.41646	(3, 3): 4304.41646
677	(2, 2): 4304.41646	(3, 3): 4304.41646
678	(2, 2): 4304.41646	(3, 3): 4304.41646
679	(2, 2): 4304.41646	(3, 3): 4304.41646
680	(2, 2): 4304.41646	(3, 3): 4304.41646
681	(2, 2): 4304.41646	(3, 3): 4304.41646
682	(2, 2): 4304.41646	(3, 3): 4304.41646
683	(2, 2): 4304.41646	(3, 3): 4304.41646
684	(2, 2): 4304.41646	(3, 3): 4304.41646
685	(2, 2): 4304.41646	(3, 3): 4304.41646
686	(2, 2): 4304.41646	(3, 3): 4304.41646
687	(2, 2): 4304.41646	(3, 3): 4304.41646
688	(2, 2): 4304.41646	(3, 3): 4304.41646
689	(2, 2): 4304.41646	(3, 3): 4304.41646
690	(2, 2): 4304.41646	(3, 3): 4304.41646
691	(2, 2): 4304.41646	(3, 3): 4304.41646
692	(2, 2): 4304.41646	(3, 3): 4304.41646
693	(2, 2): 4304.41646	(3, 3): 4304.41646
694	(2, 2): 4304.41646	(3, 3): 4304.41646
695	(2, 2): 4304.41646	(3, 3): 4304.41646
696	(2, 2): 4304.41646	(3, 3): 4304.41646
697	(2, 2): 4304.41646	(3, 3): 4304.41646
698	(2, 2): 4304.41646	(3, 3): 4304.41646
699	(2, 2): 4304.41646	(3, 3): 4304.41646
700	(2, 2): 4304.41646	(3, 3): 4304.41646
701	(2, 2): 4304.41646	(3, 3): 4304.41646
702	(2, 2): 4304.41646	(3, 3): 4304.41646
703	(2, 2): 4304.41646	(3, 3): 4304.41646
704	(2, 2): 4304.41646	(3, 3): 4304.41646
705	(2, 2): 4304.41646	(3, 3): 4304.41646
706	(2, 2): 4304.41646	(3, 3): 4304.41646
707	(2, 2): 4304.41646	(3, 3): 4304.41646
708	(2, 2): 4304.41646	(3, 3): 4304.41646
709	(2, 2): 4304.41646	(3, 3): 4304.41646
710	(2, 2): 4304.41646	(3, 3): 4304.41646
711	(2, 2): 4304.41646	(3, 3): 4304.41646
712	(2, 2): 4304.41646	(3, 3): 4304.41646
713	(2, 2): 4304.41646	(3, 3): 4304.41646
714	(2, 2): 4304.41646	(3, 3): 4304.41646
715	(2, 2): 4304.41646	(3, 3): 4304.41646
716	(2, 2): 4304.41646	(3, 3): 4304.41646
717	(2, 2): 4304.41646	(3, 3): 4304.41646
718	(2, 2): 4304.41646	(3, 3): 4304.41646
719	(2, 2): 4304.41646	(3, 3): 4304.41646
720	(2, 2): 4304.41646	(3, 3): 4304.41646
721	(2, 2): 4304.41646	(3, 3): 4304.41646
722	(2, 2): 4304.41646	(3, 3): 4304.41646
723	(2, 2): 4304.41646	(3, 3): 4304.41646
724	(2, 2): 4304.41646	(3, 3): 4304.41646
725	(2, 2): 4304.41646	(3, 3): 4304.41646
726	(2, 2): 4304.41646	(3, 3): 4304.41646
727	(2, 2): 4304.41646	(3, 3): 4304.41646
728	(2, 2): 4304.41646	(3, 3): 4304.41646
729	(2, 2): 4304.41646	(3, 3): 4304.41646
730	(2, 2): 4304.41646	(3, 3): 4304.41646
731	(2, 2): 4304.41646	(3, 3): 4304.41646
732	(2, 2): 4304.41646	(3, 3): 4304.41646
733	(2, 2): 4304.41646	(3, 3): 4304.41646
734	(2, 2): 4304.41646	(3, 3): 4304.41646
735	(2, 2): 4304.41646	(3, 3): 4304.41646
736	(2, 2): 4304.41646	(3, 3): 4304.41646
737	(2, 2): 4304.41646	(3, 3): 4304.41646
738	(2, 2): 4304.41646	(3, 3): 4304.41646
739	(2, 2): 4304.41646	(3, 3): 4304.41646
740	(2, 2): 4304.41646	(3, 3): 4304.41646
741	(2, 2): 4304.41646	(3, 3): 4304.41646
742	(2, 2): 4304.41646	(3, 3): 4304.41646
743	(2, 2): 4304.41646	(3, 3): 4304.41646
744	(2, 2): 4304.41646	(3, 3): 4304.41646
745	(2, 2): 4304.41646	(3, 3): 4304.41646
746	(2, 2): 4304.41646	(3, 3): 4304.41646
747	(2, 2): 4304.41646	(3, 3): 4304.41646
748	(2, 2): 4304.41646	(3, 3): 4304.41646
749	(2, 2): 4304.41646	(3, 3): 4304.41646
750	(2, 2): 4304.41646	(3, 3): 4304.41646
751	(2, 2): 4304.41646	(3, 3): 4304.41646
752	(2, 2): 4304.41646	(3, 3): 4304.41646
753	(2, 2): 4304.41646	(3, 3): 4304.41646
754	(2, 2): 4304.41646	(3, 3): 4304.41646
755	(2, 2): 4304.41646	(3, 3): 4304.41646
756	(2, 2): 4304.41646	(3, 3): 4304.41646
757	(2, 2): 4304.41646	(3, 3): 4304.41646
758	(2, 2): 4304.41646	(3, 3): 4304.41646
759	(2, 2): 4304.41646	(3, 3): 4304.41646
760	(2, 2): 4304.41646	(3, 3): 4304.41646
761	(2, 2): 4304.41646	(3, 3): 4304.41646
762	(2, 2): 4304.41646	(3, 3): 4304.41646
763	(2, 2): 4304.41646	(3, 3): 4304.41646
764	(2, 2): 4304.41646	(3, 3): 4304.41646
765	(2, 2): 4304.41646	(3, 3): 4304.41646
766	(2, 2): 4304.41646	(3, 3): 4304.41646
767	(2, 2): 4304.41646	(3, 3): 4304.41646
768	(2, 2): 4304.41646	(3, 3): 4304.41646
769	(2, 2): 4304.41646	(3, 3): 4304.41646
770	(2, 2): 4304.41646	(3, 3): 4304.41646
771	(2, 2): 4304.41646	(3, 3): 4304.41646
772	(2, 2): 4304.41646	(3, 3): 4304.41646
773	(2, 2): 4304.41646	(3, 3): 4304.41646
774	(2, 2): 4304.41646	(3, 3): 4304.41646
775	(2, 2): 4304.41646	(3, 3): 4304.41646
776	(2, 2): 4304.41646	(3, 3): 4304.41646
777	(2, 2): 4304.41646	(3, 3): 4304.41646
778	(2, 2): 4304.41646	(3, 3): 4304.41646
779	(2, 2): 4304.41646	(3, 3): 4304.41646
780	(2, 2): 4304.41646	(3, 3): 4304.41646
781	(2, 2): 4304.41646	(3, 3): 4304.41646
782	(2, 2): 4304.41646	(3, 3): 4304.41646
783	(2, 2): 4304.41646	(3, 3): 4304.41646
784	(2, 2): 4304.41646	(3, 3): 4304.41646
785	(2, 2): 4304.41646	(3, 3): 4304.41646
786	(2, 2): 4304.41646	(3, 3): 4304.41646
787	(2, 2): 4304.41646	(3, 3): 4304.41646
788	(2, 2): 4304.41646	(3, 3): 4304.41646
789	(2, 2): 4304.41646	(3, 3): 4304.41646
790	(2, 2): 4304.41646	(3, 3): 4304.41646
791	(2, 2): 4304.41646	(3, 3): 4304.41646
792	(2, 2): 4304.41646	(3, 3): 4304.41646
793	(2, 2): 4304.41646	(3, 3): 4304.41646
794	(2, 2): 4304.41646	(3, 3): 4304.41646
795	(2, 2): 4304.41646	(3, 3): 4304.41646
796	(2, 2): 4304.41646	(3, 3): 4304.41646
797	(2, 2): 4304.41646	(3, 3): 4304.41646
798	(2, 2): 4304.41646	(3, 3): 4304.41646
799	(2, 2): 4304.41646	(3, 3): 4304.41646
800	(2, 2): 4304.41646	(3, 3): 4304.41646
801	(2, 2): 4304.41646	(3, 3): 4304.41646
802	(2, 2): 4304.41646	(3, 3): 4304.41646
803	(2, 2): 4304.41646	(3, 3): 4304.41646
804	(2, 2): 4304.41646	(3, 3): 4304.41646
805	(2, 2): 4304.41646	(3, 3): 4304.41646
806	(2, 2): 4304.41646	(3, 3): 4304.41646
807	(2, 2): 4304.41646	(3, 3): 4304.41646
808	(2, 2): 4304.41646	(3, 3): 4304.41646
809	(2, 2): 4304.41646	(3, 3): 4304.41646
810	(2, 2): 4304.41646	(3, 3): 4304.41646
811	(2, 2): 4304.41646	(3, 3): 4304.41646
812	(2, 2): 4304.41646	(3, 3): 4304.41646
813	(2, 2): 4304.41646	(3, 3): 4304.41646
814	(2, 2): 4304.41646	(3, 3): 4304.41646
815	(2, 2): 4304.41646	(3, 3): 4304.41646
816	(2, 2): 4304.41646	(3, 3): 4304.41646
817	(2, 2): 4304.41646	(3, 3): 4304.41646
818	(2, 2): 4304.41646	(3, 3): 4304.41646
819	(2, 2): 4304.41646	(3, 3): 4304.41646
820	(2, 2): 4304.41646	(3, 3): 4304.41646
821	(2, 2): 4304.41646	(3, 3): 4304.41646
822	(2, 2): 4304.41646	(3, 3): 4304.41646
823	(2, 2): 4304.41646	(3, 3): 4304.41646
824	(2, 2): 4304.41646	(3, 3): 4304.41646
825	(2, 2): 4304.41646	(3, 3): 4304.41646
826	(2, 2): 4304.41646	(3, 3): 4304.41646
827	(2, 2): 4304.41646	(3, 3): 4304.41646
828	(2, 2): 4304.41646	(3, 3): 4304.41646
829	(2, 2): 4304.41646	(3, 3): 4304.41646
830	(2, 2): 4304.41646	(3, 3): 4304.41646
831	(2, 2): 4304.41646	(3, 3): 4304.41646
832	(2, 2): 4304.41646	(3, 3): 4304.41646
833	(2, 2): 4304.41646	(3, 3): 4304.41646
834	(2, 2): 4304.41646	(3, 3): 4304.41646
835	(2, 2): 4304.41646	(3, 3): 4304.41646
836	(2, 2): 4304.41646	(3, 3): 4304.41646
837	(2, 2): 4304.41646	(3, 3): 4304.41646
838	(2, 2): 4304.41646	(3, 3): 4304.41646
839	(2, 2): 4304.41646	(3, 3): 4304.41646
840	(2, 2): 4304.41646	(3, 3): 4304.41646
841	(2, 2): 4304.41646	(3, 3): 4304.41646
842	(2, 2): 4304.41646	(3, 3): 4304.41646
843	(2, 2): 4304.41646	(3, 3): 4304.41646
844	(2, 2): 4304.41646	(3, 3): 4304.41646
845	(2, 2): 4304.41646	(3, 3): 4304.41646
846	(2, 2): 4304.41646	(3, 3): 4304.41646
847	(2, 2): 4304.41646	(3, 3): 4304.41646
848	(2, 2): 4304.41646	(3, 3): 4304.41646
849	(2, 2): 4304.41646	(3, 3): 4304.41646
850	(2, 2): 4304.41646	(3, 3): 4304.41646
851	(2, 2): 4304.41646	(3, 3): 4304.41646
852	(2, 2): 4304.41646	(3, 3): 4304.41646
853	(2, 2): 4304.41646	(3, 3): 4304.41646
854	(2, 2): 4304.41646	(3, 3): 4304.41646
855	(2, 2): 4304.41646	(3, 3): 4304.41646
856	(2, 2): 4304.41646	(3, 3): 4304.41646
857	(2, 2): 4304.41646	(3, 3): 4304.41646
858	(2, 2): 4304.41646	(3, 3): 4304.41646
859	(2, 2): 4304.41646	(3, 3): 4304.41646
860	(2, 2): 4304.41646	(3, 3): 4304.41646
861	(2, 2): 4304.41646	(3, 3): 4304.41646
862	(2, 2): 4304.41646	(3, 3): 4304.41646
863	(2, 2): 4304.41646	(3, 3): 4304.41646
864	(2, 2): 4304.41646	(3, 3): 4304.41646
865	(2, 2): 4304.41646	(3, 3): 4304.41646
866	(2, 2): 4304.41646	(3, 3): 4304.41646
867	(2, 2): 4304.41646	(3, 3): 4304.41646
868	(2, 2): 4304.41646	(3, 3): 4304.41646
869	(2, 2): 4304.41646	(3, 3): 4304.41646
870	(2, 2): 4304.41646	(3, 3): 4304.41646
871	(2, 2): 4304.41646	(3, 3): 4304.41646
872	(2, 2): 4304.41646	(3, 3): 4304.41646
873	(2, 2): 4304.41646	(3, 3): 4304.41646
874	(2, 2): 4304.41646	(3, 3): 4304.41646
875	(2, 2): 4304.41646	(3, 3): 4304.41646
876	(2, 2): 4304.41646	(3, 3): 4304.41646
877	(2, 2): 4304.41646	(3, 3): 4304.41646
878	(2, 2): 4304.41646	(3, 3): 4304.41646
879	(2, 2): 4304.41646	(3, 3): 4304.41646
880	(2, 2): 4304.41646	(3, 3): 4304.41646
881	(2, 2): 4304.41646	(3, 3): 4304.41646
882	(2, 2): 4304.41646	(3, 3): 4304.41646
883	(2, 2): 4304.41646	(3, 3): 4304.41646
884	(2, 2): 4304.41646	(3, 3): 4304.41646
885	(2, 2): 4304.41646	(3, 3): 4304.41646
886	(2, 2): 4304.41646	(3, 3): 4304.41646
887	(2, 2): 4304.41646	(3, 3): 4304.41646
888	(2, 2): 4304.41646	(3, 3): 4304.41646
889	(2, 2): 4304.41646	(3, 3): 4304.41646
890	(2, 2): 4304.41646	(3, 3): 4304.41646
891	(2, 2): 4304.41646	(3, 3): 4304.41646
892	(2, 2): 4304.41646	(3, 3): 4304.41646
893	(2, 2): 4304.41646	(3, 3): 4304.41646
894	(2, 2): 4304.41646	(3, 3): 4304.41646
895	(2, 2): 4304.41646	(3, 3): 4304.41646
896	(2, 2): 4304.41646	(3, 3): 4304.41646
897	(2, 2): 4304.41646	(3, 3): 4304.41646
898	(2, 2): 4304.41646	(3, 3): 4304.41646
899	(2, 2): 4304.41646	(3, 3): 4304.41646
900	(2, 2): 4304.41646	(3, 3): 4304.41646
901	(2, 2): 4304.41646	(3, 3): 4304.41646
902	(2, 2): 4304.41646	(3, 3): 4304.41646
903	(2, 2): 4304.41646	(3, 3): 4304.41646
904	(2, 2): 4304.41646	(3, 3): 4304.41646
905	(2, 2): 4304.41646	(3, 3): 4304.41646
906	(2, 2): 4304.41646	(3, 3): 4304.41646
907	(2, 2): 4304.41646	(3, 3): 4304.41646
908	(2, 2): 4304.41646	(3, 3): 4304.41646
909	(2, 2): 4304.41646	(3, 3): 4304.41646
910	(2, 2): 4304.41646	(3, 3): 4304.41646
911	(2, 2): 4304.41646	(3, 3): 4304.41646
912	(2, 2): 4304.41646	(3, 3): 4304.41646
913	(2, 2): 4304.41646	(3, 3): 4304.41646
914	(2, 2): 4304.41646	(3, 3): 4304.41646
915	(2, 2): 4304.41646	(3, 3): 4304.41646
916	(2, 2): 4304.41646	(3, 3): 4304.41646
917	(2, 2): 4304.41646	(3, 3): 4304.41646
918	(2, 2): 4304.41646	(3, 3): 4304.41646
919	(2, 2): 4304.41646	(3, 3): 4304.41646
920	(2, 2): 4304.41646	(3, 3): 4304.41646
921	(2, 2): 4304.41646	(3, 3): 4304.41646
922	(2, 2): 4304.41646	(3, 3): 4304.41646
923	(2, 2): 4304.41646	(3, 3): 4304.41646
924	(2, 2): 4304.41646	(3, 3): 4304.41646
925	(2, 2): 4304.41646	(3, 3): 4304.41646
926	(2, 2): 4304.41646	(3, 3): 4304.41646
927	(2, 2): 4304.41646	(3, 3): 4304.41646
928	(2, 2): 4304.41646	(3, 3): 4304.41646
929	(2, 2): 4304.41646	(3, 3): 4304.41646
930	(2, 2): 4304.41646	(3, 3): 4304.41646
931	(2, 2): 4304.41646	(3, 3): 4304.41646
932	(2, 2): 4304.41646	(3, 3): 4304.41646
933	(2, 2): 4304.41646	(3, 3): 4304.41646
934	(2, 2): 4304.41646	(3, 3): 4304.41646
935	(2, 2): 4304.41646	(3, 3): 4304.41646
936	(2, 2): 4304.41646	(3, 3): 4304.41646
937	(2, 2): 4304.41646	(3, 3): 4304.41646
938	(2, 2): 4304.41646	(3, 3): 4304.41646
939	(2, 2): 4304.41646	(3, 3): 4304.41646
940	(2, 2): 4304.41646	(3, 3): 4304.41646
941	(2, 2): 4304.41646	(3, 3): 4304.41646
942	(2, 2): 4304.41646	(3, 3): 4304.41646
943	(2, 2): 4304.41646	(3, 3): 4304.41646
944	(2, 2): 4304.41646	(3, 3): 4304.41646
945	(2, 2): 4304.41646	(3, 3): 4304.41646
946	(2, 2): 4304.41646	(3, 3): 4304.41646
947	(2, 2): 4304.41646	(3, 3): 4304.41646
948	(2, 2): 4304.41646	(3, 3): 4304.41646
949	(2, 2): 4304.41646	(3, 3): 4304.41646
950	(2, 2): 4304.41646	(3, 3): 4304.41646
951	(2, 2): 4304.41646	(3, 3): 4304.41646
952	(2, 2): 4304.41646	(3, 3): 4304.41646
953	(2, 2): 4304.41646	(3, 3): 4304.41646
954	(2, 2): 4304.41646	(3, 3): 4304.41646
955	(2, 2): 4304.41646	(3, 3): 4304.41646
956	(2, 2): 4304.41646	(3, 3): 4304.41646
957	(2, 2): 4304.41646	(3, 3): 4304.41646
958	(2, 2): 4304.41646	(3, 3): 4304.41646
959	(2, 2): 4304.41646	(3, 3): 4304.41646
960	(2, 2): 4304.41646	(3, 3): 4304.41646
961	(2, 2): 4304.41646	(3, 3): 4304.41646
962	(2, 2): 4304.41646	(3, 3): 4304.41646
963	(2, 2): 4304.41646	(3, 3): 4304.41646
964	(2, 2): 4304.41646	(3, 3): 4304.41646
965	(2, 2): 4304.41646	(3, 3): 4304.41646
966	(2, 2): 4304.41646	(3, 3): 4304.41646
967	(2, 2): 4304.41646	(3, 3): 4304.41646
968	(2, 2): 4304.41646	(3, 3): 4304.41646
969	(2, 2): 4304.41646	(3, 3): 4304.41646
970	(2, 2): 4304.41646	(3, 3): 4304.41646
971	(2, 2): 4304.41646	(3, 3): 4304.41646
972	(2, 2): 4304.41646	(3, 3): 4304.41646
973	(2, 2): 4304.41646	(3, 3): 4304.41646
974	(2, 2): 4304.41646	(3, 3): 4304.41646
975	(2, 2): 4304.41646	(3, 3): 4304.41646
976	(2, 2): 4304.41646	(3, 3): 4304.41646
977	(2, 2): 4304.41646	(3, 3): 4304.41646
978	(2, 2): 4304.41646	(3, 3): 4304.41646
979	(2, 2): 4304.41646	(3, 3): 4304.41646
980	(2, 2): 4304.41646	(3, 3): 4304.41646
981	(2, 2): 4304.41646	(3, 3): 4304.41646
982	(2, 2): 4304.41646	(3, 3): 4304.41646
983	(2, 2): 4304.41646	(3, 3): 4304.41646
984	(2, 2): 4304.41646	(3, 3): 4304.41646
985	(2, 2): 4304.41646	(3, 3): 4304.41646
986	(2, 2): 4304.41646	(3, 3): 4304.41646
987	(2, 2): 4304.41646	(3, 3): 4304.41646
988	(2, 2): 4304.41646	(3, 3): 4304.41646
989	(2, 2): 4304.41646	(3, 3): 4304.41646
990	(2, 2): 4304.41646	(3, 3): 4304.41646
991	(2, 2): 4304.41646	(3, 3): 4304.41646
992	(2, 2): 4304.41646	(3, 3): 4304.41646
993	(2, 2): 4304.41646	(3, 3): 4304.41646
994	(2, 2): 4304.41646	(3, 3): 4304.41646
995	(2, 2): 4304.41646	(3, 3): 4304.41646
996	(2, 2): 4304.41646	(3, 3): 4304.41646
997	(2, 2): 4304.41646	(3, 3): 4304.41646
998	(2, 2): 4304.41646	(3, 3): 4304.41646
999	(2, 2): 4304.41646	(3, 3): 4304.41646
1000	(2, 2): 4304.41646	(3, 3): 4304.41646
