0	(3, 3): 0.189294816
1	(3, 3): 0.293675294
2	(3, 3): 0.359370055
3	(3, 3): 0.32984939
4	(3, 3): 0.227803479
5	(3, 3): 0.273810889
6	(3, 3): 0.313795901
7	(3, 3): 0.254996831
8	(3, 3): 0.203082844
9	(3, 3): 0.272408709
10	(3, 3): 0.263039304
11	(3, 3): 0.322605474
12	(3, 3): 0.40329056
13	(3, 3): 0.508930811
14	(3, 3): 0.490368958
15	(3, 3): 0.432489311
16	(3, 3): 0.455913109
17	(3, 3): 0.476267125
18	(3, 3): 0.557889005
19	(3, 3): 0.566506751
20	(3, 3): 0.504293258
21	(3, 3): 0.537292427
22	(3, 3): 0.535823642
23	(3, 3): 0.548744413
24	(3, 3): 0.387316241
25	(3, 3): 0.37617038
26	(3, 3): 0.393036976
27	(3, 3): 0.374233423
28	(3, 3): 0.412423623
29	(3, 3): 0.403158129
30	(3, 3): 0.502833504
31	(3, 3): 0.46934754
32	(3, 3): 0.532404519
33	(3, 3): 0.513697057
34	(3, 3): 0.530594937
35	(3, 3): 0.5706843
36	(3, 3): 0.520666375
37	(3, 3): 0.475594324
38	(3, 3): 0.470509322
39	(3, 3): 0.464678102
40	(3, 3): 0.488363096
41	(3, 3): 0.435116866
42	(3, 3): 0.410745469
43	(3, 3): 0.447758271
44	(3, 3): 0.506496144
45	(3, 3): 0.447510592
46	(3, 3): 0.530522617
47	(3, 3): 0.469310019
48	(3, 3): 0.432723069
49	(3, 3): 0.389026734
50	(3, 3): 0.278752381
51	(3, 3): 0.208175105
52	(3, 3): 0.299764678
53	(3, 3): 0.295290213
54	(3, 3): 0.175023301
55	(3, 3): 0.308854129
56	(3, 3): 0.418847285
57	(3, 3): 0.447113444
58	(3, 3): 0.458468048
59	(3, 3): 0.449297039
60	(3, 3): 0.542824029
61	(3, 3): 0.569437989
62	(3, 3): 0.583302411
63	(3, 3): 0.591974961
64	(3, 3): 0.560259984
65	(3, 3): 0.54509771
66	(3, 3): 0.600770711
67	(3, 3): 0.594996875
68	(3, 3): 0.609905042
69	(3, 3): 0.55026933
70	(3, 3): 0.43555346
71	(3, 3): 0.375173065
72	(3, 3): 0.386854838
73	(3, 3): 0.393887916
74	(3, 3): 0.356303822
75	(3, 3): 0.389370967
76	(3, 3): 0.429822787
77	(3, 3): 0.476855038
78	(3, 3): 0.537811286
79	(3, 3): 0.483327723
80	(3, 3): 0.439183264
81	(3, 3): 0.443064633
82	(3, 3): 0.460727991
83	(3, 3): 0.375536008
84	(3, 3): 0.33747912
85	(3, 3): 0.340592046
86	(3, 3): 0.295153896
87	(3, 3): 0.261474547
88	(3, 3): 0.261865032
89	(3, 3): 0.308431683
90	(3, 3): 0.348433311
91	(3, 3): 0.462429272
92	(3, 3): 0.480002534
93	(3, 3): 0.469292592
94	(3, 3): 0.510804406
95	(3, 3): 0.504450407
96	(3, 3): 0.469022248
97	(3, 3): 0.370738761
98	(3, 3): 0.406431222
99	(3, 3): 0.376076359
100	(3, 3): 0.432142289
101	(3, 3): 0.407543224
102	(3, 3): 0.360691039
103	(3, 3): 0.331592334
104	(3, 3): 0.291878343
105	(3, 3): 0.241167405
106	(3, 3): 0.303578944
107	(3, 3): 0.247086443
108	(3, 3): 0.143809258
109	(3, 3): 0.0842060672
110	(3, 3): 0.107261913
111	(3, 3): 0.132322909
112	(3, 3): 0.0865686288
113	(3, 3): 0.123841709
114	(3, 3): 0.0458248466
115	(3, 3): 0.0574411181
116	(3, 3): 0.0775098587
117	(3, 3): 0.0725709306
118	(3, 3): 0.0731810824
119	(3, 3): 0.0557405173
120	(3, 3): 0.120927891
121	(3, 3): 0.0883911547
122	(3, 3): 0.156791506
123	(3, 3): 0.0716476243
124	(3, 3): 0.0764197915
125	(3, 3): 0.136820325
126	(3, 3): 0.255843668
127	(3, 3): 0.239603305
128	(3, 3): 0.328909429
129	(3, 3): 0.414043331
130	(3, 3): 0.413117981
131	(3, 3): 0.469340439
132	(3, 3): 0.427199638
133	(3, 3): 0.422484916
134	(3, 3): 0.384950051
135	(3, 3): 0.398092305
136	(3, 3): 0.420373558
137	(3, 3): 0.426591546
138	(3, 3): 0.509408273
139	(3, 3): 0.466053822
140	(3, 3): 0.446175884
141	(3, 3): 0.398852482
142	(3, 3): 0.380330641
143	(3, 3): 0.461367162
144	(3, 3): 0.374712153
145	(3, 3): 0.396237484
146	(3, 3): 0.426819917
147	(3, 3): 0.345259566
148	(3, 3): 0.379795491
149	(3, 3): 0.452204299
150	(3, 3): 0.451255696
151	(3, 3): 0.360294349
152	(3, 3): 0.305673174
153	(3, 3): 0.27801077
154	(3, 3): 0.364140977
155	(3, 3): 0.408347111
156	(3, 3): 0.453596687
157	(3, 3): 0.302546206
158	(3, 3): 0.291338599
159	(3, 3): 0.22151852
160	(3, 3): 0.170878753
161	(3, 3): 0.277674877
162	(3, 3): 0.197098702
163	(3, 3): 0.161585614
164	(3, 3): 0.188266982
165	(3, 3): 0.280890265
166	(3, 3): 0.335102732
167	(3, 3): 0.390099819
168	(3, 3): 0.427760635
169	(3, 3): 0.47542207
170	(3, 3): 0.567930644
171	(3, 3): 0.555065025
172	(3, 3): 0.506769568
173	(3, 3): 0.473080498
174	(3, 3): 0.504773684
175	(3, 3): 0.499782701
176	(3, 3): 0.430388582
177	(3, 3): 0.464311169
178	(3, 3): 0.577828683
179	(3, 3): 0.539301736
180	(3, 3): 0.552936393
181	(3, 3): 0.551205915
182	(3, 3): 0.549808975
183	(3, 3): 0.597832289
184	(3, 3): 0.534645696
185	(3, 3): 0.537999613
186	(3, 3): 0.576089244
187	(3, 3): 0.603626622
188	(3, 3): 0.605878247
189	(3, 3): 0.604649349
190	(3, 3): 0.570710055
191	(3, 3): 0.604694123
192	(3, 3): 0.586885154
193	(3, 3): 0.592607424
194	(3, 3): 0.551427123
195	(3, 3): 0.518814365
196	(3, 3): 0.487318179
197	(3, 3): 0.586763289
198	(3, 3): 0.603659886
199	(3, 3): 0.602951205
200	(3, 3): 0.582489528
201	(3, 3): 0.556339077
202	(3, 3): 0.537743608
203	(3, 3): 0.57333857
204	(3, 3): 0.570021566
205	(3, 3): 0.493733914
206	(3, 3): 0.48116183
207	(3, 3): 0.510596833
208	(3, 3): 0.505229841
209	(3, 3): 0.494228716
210	(3, 3): 0.537842494
211	(3, 3): 0.408644447
212	(3, 3): 0.338322186
213	(3, 3): 0.393472604
214	(3, 3): 0.411886439
215	(3, 3): 0.487125074
216	(3, 3): 0.5309489
217	(3, 3): 0.505262563
218	(3, 3): 0.47890674
219	(3, 3): 0.418256527
220	(3, 3): 0.489300094
221	(3, 3): 0.420287143
222	(3, 3): 0.391101347
223	(3, 3): 0.412498635
224	(3, 3): 0.370985948
225	(3, 3): 0.339226237
226	(3, 3): 0.369308214
227	(3, 3): 0.281053702
228	(3, 3): 0.271564404
229	(3, 3): 0.313020076
230	(3, 3): 0.38937093
231	(3, 3): 0.33083719
232	(3, 3): 0.290607295
233	(3, 3): 0.389850285
234	(3, 3): 0.400413192
235	(3, 3): 0.477298707
236	(3, 3): 0.491387712
237	(3, 3): 0.477454019
238	(3, 3): 0.49432008
239	(3, 3): 0.380618765
240	(3, 3): 0.396105488
241	(3, 3): 0.407329326
242	(3, 3): 0.446964944
243	(3, 3): 0.461650698
244	(3, 3): 0.513033435
245	(3, 3): 0.518969618
246	(3, 3): 0.469388689
247	(3, 3): 0.349552354
248	(3, 3): 0.235475923
249	(3, 3): 0.211636242
250	(3, 3): 0.190693724
251	(3, 3): 0.176716177
252	(3, 3): 0.195217448
253	(3, 3): 0.305533279
254	(3, 3): 0.317438864
255	(3, 3): 0.376176955
256	(3, 3): 0.437340606
257	(3, 3): 0.395804725
258	(3, 3): 0.349306099
259	(3, 3): 0.366580397
260	(3, 3): 0.26334533
261	(3, 3): 0.257247827
262	(3, 3): 0.126053171
263	(3, 3): 0.0759416166
264	(3, 3): 0.169858312
265	(3, 3): 0.211823766
266	(3, 3): 0.205888155
267	(3, 3): 0.196297059
268	(3, 3): 0.257676717
269	(3, 3): 0.353003144
270	(3, 3): 0.438673742
271	(3, 3): 0.493820784
272	(3, 3): 0.549798692
273	(3, 3): 0.531503221
274	(3, 3): 0.558719343
275	(3, 3): 0.460129913
276	(3, 3): 0.484636908
277	(3, 3): 0.504263853
278	(3, 3): 0.483634446
279	(3, 3): 0.521321583
280	(3, 3): 0.418192636
281	(3, 3): 0.378072124
282	(3, 3): 0.393806487
283	(3, 3): 0.394540962
284	(3, 3): 0.46595042
285	(3, 3): 0.456653599
286	(3, 3): 0.420811494
287	(3, 3): 0.382888619
288	(3, 3): 0.425206006
289	(3, 3): 0.507806935
290	(3, 3): 0.539517354
291	(3, 3): 0.530571706
292	(3, 3): 0.547666209
293	(3, 3): 0.557579826
294	(3, 3): 0.515921
295	(3, 3): 0.521620946
296	(3, 3): 0.53111951
297	(3, 3): 0.514053777
298	(3, 3): 0.550586368
299	(3, 3): 0.563740512
300	(3, 3): 0.506480682
301	(3, 3): 0.473543763
302	(3, 3): 0.415190713
303	(3, 3): 0.35821782
304	(3, 3): 0.391369669
305	(3, 3): 0.416411335
306	(3, 3): 0.352889214
307	(3, 3): 0.383061378
308	(3, 3): 0.31574063
309	(3, 3): 0.223806436
310	(3, 3): 0.202493384
311	(3, 3): 0.266661955
312	(3, 3): 0.280309139
313	(3, 3): 0.278948424
314	(3, 3): 0.265914094
315	(3, 3): 0.225652881
316	(3, 3): 0.237779473
317	(3, 3): 0.273158035
318	(3, 3): 0.348394992
319	(3, 3): 0.400112737
320	(3, 3): 0.447680109
321	(3, 3): 0.468258478
322	(3, 3): 0.459636583
323	(3, 3): 0.444297871
324	(3, 3): 0.363612602
325	(3, 3): 0.318197793
326	(3, 3): 0.290261099
327	(3, 3): 0.187698446
328	(3, 3): 0.205447559
329	(3, 3): 0.334819915
330	(3, 3): 0.272389246
331	(3, 3): 0.149983006
332	(3, 3): 0.225654685
333	(3, 3): 0.289987996
334	(3, 3): 0.212535355
335	(3, 3): 0.321261927
336	(3, 3): 0.402720071
337	(3, 3): 0.388052205
338	(3, 3): 0.388904968
339	(3, 3): 0.393278886
340	(3, 3): 0.312984854
341	(3, 3): 0.378101048
342	(3, 3): 0.350400982
343	(3, 3): 0.196173176
344	(3, 3): 0.0809236493
345	(3, 3): 0.0649075966
346	(3, 3): 0.0706512786
347	(3, 3): 0.0572233004
348	(3, 3): 0.130018719
349	(3, 3): 0.0991848844
350	(3, 3): 0.0616822668
351	(3, 3): 0.0787609778
352	(3, 3): 0.0934132234
353	(3, 3): 0.267124572
354	(3, 3): 0.308142862
355	(3, 3): 0.237872297
356	(3, 3): 0.153173413
357	(3, 3): 0.127681224
358	(3, 3): 0.10863891
359	(3, 3): 0.152235812
360	(3, 3): 0.0915338857
361	(3, 3): 0.230963131
362	(3, 3): 0.139612802
363	(3, 3): 0.115079676
364	(3, 3): 0.163421276
365	(3, 3): 0.170234171
366	(3, 3): 0.17203667
367	(3, 3): 0.16922445
368	(3, 3): 0.210701148
369	(3, 3): 0.127053707
370	(3, 3): 0.144760014
371	(3, 3): 0.183583652
372	(3, 3): 0.226394875
373	(3, 3): 0.171709804
374	(3, 3): 0.0879015013
375	(3, 3): 0.0824107989
376	(3, 3): 0.0597521632
377	(3, 3): 0.0839989839
378	(3, 3): 0.0734029402
379	(3, 3): 0.130116775
380	(3, 3): 0.139947958
381	(3, 3): 0.207365382
382	(3, 3): 0.207063697
383	(3, 3): 0.193584242
384	(3, 3): 0.223411086
385	(3, 3): 0.161998397
386	(3, 3): 0.189506571
387	(3, 3): 0.260763246
388	(3, 3): 0.170101588
389	(3, 3): 0.139783716
390	(3, 3): 0.176136618
391	(3, 3): 0.260060968
392	(3, 3): 0.244482706
393	(3, 3): 0.186048584
394	(3, 3): 0.162604854
395	(3, 3): 0.173760416
396	(3, 3): 0.164227399
397	(3, 3): 0.103064265
398	(3, 3): 0.0584465307
399	(3, 3): 0.111999797
400	(3, 3): 0.207745259
401	(3, 3): 0.180593766
402	(3, 3): 0.201609677
403	(3, 3): 0.222164832
404	(3, 3): 0.288005393
405	(3, 3): 0.256314872
406	(3, 3): 0.31486981
407	(3, 3): 0.349520166
408	(3, 3): 0.357800962
409	(3, 3): 0.274626969
410	(3, 3): 0.298404837
411	(3, 3): 0.29372668
412	(3, 3): 0.278648885
413	(3, 3): 0.22197128
414	(3, 3): 0.158431203
415	(3, 3): 0.174118965
416	(3, 3): 0.249584738
417	(3, 3): 0.288568619
418	(3, 3): 0.210574985
419	(3, 3): 0.309973872
420	(3, 3): 0.294582951
421	(3, 3): 0.374219133
422	(3, 3): 0.384239254
423	(3, 3): 0.331735263
424	(3, 3): 0.374455941
425	(3, 3): 0.357252623
426	(3, 3): 0.339136553
427	(3, 3): 0.352122026
428	(3, 3): 0.321465723
429	(3, 3): 0.303798252
430	(3, 3): 0.319604531
431	(3, 3): 0.307192271
432	(3, 3): 0.254194982
433	(3, 3): 0.189848393
434	(3, 3): 0.209974238
435	(3, 3): 0.239279359
436	(3, 3): 0.28337122
437	(3, 3): 0.235785182
438	(3, 3): 0.258711179
439	(3, 3): 0.237697313
440	(3, 3): 0.182537865
441	(3, 3): 0.219147006
442	(3, 3): 0.260462747
443	(3, 3): 0.260425509
444	(3, 3): 0.144059499
445	(3, 3): 0.185489663
446	(3, 3): 0.119056569
447	(3, 3): 0.188386422
448	(3, 3): 0.203533836
449	(3, 3): 0.23169611
450	(3, 3): 0.245072027
451	(3, 3): 0.24411568
452	(3, 3): 0.0999741626
453	(3, 3): 0.0524999214
454	(3, 3): 0.160454165
455	(3, 3): 0.277374956
456	(3, 3): 0.2970272
457	(3, 3): 0.265931889
458	(3, 3): 0.252995505
459	(3, 3): 0.182086103
460	(3, 3): 0.303522086
461	(3, 3): 0.234225354
462	(3, 3): 0.15293633
463	(3, 3): 0.21682944
464	(3, 3): 0.188818044
465	(3, 3): 0.148568115
466	(3, 3): 0.177580995
467	(3, 3): 0.138786494
468	(3, 3): 0.119976979
469	(3, 3): 0.226151599
470	(3, 3): 0.320821676
471	(3, 3): 0.304429476
472	(3, 3): 0.341778911
473	(3, 3): 0.24266462
474	(3, 3): 0.17825231
475	(3, 3): 0.168113674
476	(3, 3): 0.194793944
477	(3, 3): 0.231191836
478	(3, 3): 0.216555245
479	(3, 3): 0.174276496
480	(3, 3): 0.309958256
481	(3, 3): 0.311581598
482	(3, 3): 0.346872974
483	(3, 3): 0.25518881
484	(3, 3): 0.404342134
485	(3, 3): 0.371701129
486	(3, 3): 0.376941245
487	(3, 3): 0.399806882
488	(3, 3): 0.382823696
489	(3, 3): 0.347477558
490	(3, 3): 0.304362904
491	(3, 3): 0.294411187
492	(3, 3): 0.189507131
493	(3, 3): 0.114750269
494	(3, 3): 0.114615265
495	(3, 3): 0.182970752
496	(3, 3): 0.12122583
497	(3, 3): 0.181636101
498	(3, 3): 0.207140526
499	(3, 3): 0.175027946
500	(3, 3): 0.147301061
501	(3, 3): 0.160078551
502	(3, 3): 0.0814660025
503	(3, 3): 0.0632706729
504	(3, 3): 0.135248614
505	(3, 3): 0.0853599367
506	(3, 3): 0.125504447
507	(3, 3): 0.150553306
508	(3, 3): 0.137783422
509	(3, 3): 0.0497442779
510	(3, 3): 0.113773711
511	(3, 3): 0.109376861
512	(3, 3): 0.275252732
513	(3, 3): 0.201400338
514	(3, 3): 0.205556588
515	(3, 3): 0.144381095
516	(3, 3): 0.118455919
517	(3, 3): 0.1750388
518	(3, 3): 0.112541508
519	(3, 3): 0.119823801
520	(3, 3): 0.0989114576
521	(3, 3): 0.0929437366
522	(3, 3): 0.208205657
523	(3, 3): 0.225325195
524	(3, 3): 0.252427181
525	(3, 3): 0.191503929
526	(3, 3): 0.114578728
527	(3, 3): 0.104790088
528	(3, 3): 0.193625525
529	(3, 3): 0.1968463
530	(3, 3): 0.186707671
531	(3, 3): 0.243404554
532	(3, 3): 0.247759987
533	(3, 3): 0.213753659
534	(3, 3): 0.193872583
535	(3, 3): 0.286035203
536	(3, 3): 0.325300751
537	(3, 3): 0.341914266
538	(3, 3): 0.417943926
539	(3, 3): 0.409590715
540	(3, 3): 0.346668325
541	(3, 3): 0.424063307
542	(3, 3): 0.393721096
543	(3, 3): 0.425843228
544	(3, 3): 0.449908111
545	(3, 3): 0.495574772
546	(3, 3): 0.411063698
547	(3, 3): 0.321032975
548	(3, 3): 0.418432425
549	(3, 3): 0.47187936
550	(3, 3): 0.462978779
551	(3, 3): 0.35125711
552	(3, 3): 0.291572021
553	(3, 3): 0.345340304
554	(3, 3): 0.287948629
555	(3, 3): 0.317269334
556	(3, 3): 0.249178889
557	(3, 3): 0.232641073
558	(3, 3): 0.258007001
559	(3, 3): 0.268882184
560	(3, 3): 0.387639217
561	(3, 3): 0.429787676
562	(3, 3): 0.413456517
563	(3, 3): 0.316847633
564	(3, 3): 0.218070183
565	(3, 3): 0.293738704
566	(3, 3): 0.344191516
567	(3, 3): 0.375600476
568	(3, 3): 0.352423088
569	(3, 3): 0.304343457
570	(3, 3): 0.405490427
571	(3, 3): 0.382258498
572	(3, 3): 0.380606701
573	(3, 3): 0.40096055
574	(3, 3): 0.260942439
575	(3, 3): 0.284297422
576	(3, 3): 0.215765363
577	(3, 3): 0.186606464
578	(3, 3): 0.117686859
579	(3, 3): 0.155803713
580	(3, 3): 0.213984264
581	(3, 3): 0.252256831
582	(3, 3): 0.312488298
583	(3, 3): 0.330995867
584	(3, 3): 0.302342658
585	(3, 3): 0.301151544
586	(3, 3): 0.315841821
587	(3, 3): 0.334976423
588	(3, 3): 0.378977162
589	(3, 3): 0.292748615
590	(3, 3): 0.266124818
591	(3, 3): 0.361875227
592	(3, 3): 0.351118851
593	(3, 3): 0.393652667
594	(3, 3): 0.508365353
595	(3, 3): 0.551268305
596	(3, 3): 0.551795507
597	(3, 3): 0.555655346
598	(3, 3): 0.538646458
599	(3, 3): 0.537910761
600	(3, 3): 0.535696382
601	(3, 3): 0.582861366
602	(3, 3): 0.556685287
603	(3, 3): 0.541406416
604	(3, 3): 0.500163463
605	(3, 3): 0.516956109
606	(3, 3): 0.526452334
607	(3, 3): 0.508013466
608	(3, 3): 0.484971803
609	(3, 3): 0.511212009
610	(3, 3): 0.485462905
611	(3, 3): 0.526302662
612	(3, 3): 0.515981424
613	(3, 3): 0.496791651
614	(3, 3): 0.547584187
615	(3, 3): 0.55863236
616	(3, 3): 0.593727409
617	(3, 3): 0.586736203
618	(3, 3): 0.507179819
619	(3, 3): 0.524252546
620	(3, 3): 0.460384548
621	(3, 3): 0.535130112
622	(3, 3): 0.538421998
623	(3, 3): 0.474201685
624	(3, 3): 0.586648569
625	(3, 3): 0.516208934
626	(3, 3): 0.529561966
627	(3, 3): 0.433268632
628	(3, 3): 0.384023324
629	(3, 3): 0.390650549
630	(3, 3): 0.459293431
631	(3, 3): 0.38610619
632	(3, 3): 0.370881089
633	(3, 3): 0.366281779
634	(3, 3): 0.253811505
635	(3, 3): 0.229270133
636	(3, 3): 0.318440854
637	(3, 3): 0.355217982
638	(3, 3): 0.386885121
639	(3, 3): 0.363617283
640	(3, 3): 0.363575339
641	(3, 3): 0.387398332
642	(3, 3): 0.444212085
643	(3, 3): 0.468855331
644	(3, 3): 0.498572929
645	(3, 3): 0.477700732
646	(3, 3): 0.486118154
647	(3, 3): 0.481453058
648	(3, 3): 0.434077876
649	(3, 3): 0.525072934
650	(3, 3): 0.556824938
651	(3, 3): 0.559134984
652	(3, 3): 0.525242965
653	(3, 3): 0.52048067
654	(3, 3): 0.454666429
655	(3, 3): 0.487721854
656	(3, 3): 0.444034567
657	(3, 3): 0.429936741
658	(3, 3): 0.353497615
659	(3, 3): 0.323603411
660	(3, 3): 0.291357777
661	(3, 3): 0.175077201
662	(3, 3): 0.223724074
663	(3, 3): 0.177881704
664	(3, 3): 0.155537836
665	(3, 3): 0.235800745
666	(3, 3): 0.208015941
667	(3, 3): 0.153346879
668	(3, 3): 0.252114213
669	(3, 3): 0.249618301
670	(3, 3): 0.257516357
671	(3, 3): 0.272438
672	(3, 3): 0.30638434
673	(3, 3): 0.299538704
674	(3, 3): 0.222463722
675	(3, 3): 0.25429147
676	(3, 3): 0.29454992
677	(3, 3): 0.25913733
678	(3, 3): 0.270074254
679	(3, 3): 0.244296849
680	(3, 3): 0.174855803
681	(3, 3): 0.141976773
682	(3, 3): 0.260371885
683	(3, 3): 0.236592701
684	(3, 3): 0.258871025
685	(3, 3): 0.21907717
686	(3, 3): 0.114495413
687	(3, 3): 0.190266854
688	(3, 3): 0.279572191
689	(3, 3): 0.246271345
690	(3, 3): 0.283171988
691	(3, 3): 0.216309562
692	(3, 3): 0.317704057
693	(3, 3): 0.247233386
694	(3, 3): 0.30993321
695	(3, 3): 0.34924292
696	(3, 3): 0.425320008
697	(3, 3): 0.481078489
698	(3, 3): 0.505267781
699	(3, 3): 0.518384476
700	(3, 3): 0.491510308
701	(3, 3): 0.524502495
702	(3, 3): 0.5215001
703	(3, 3): 0.588205445
704	(3, 3): 0.563181449
705	(3, 3): 0.580695711
706	(3, 3): 0.589878442
707	(3, 3): 0.519796817
708	(3, 3): 0.493950894
709	(3, 3): 0.48288091
710	(3, 3): 0.503229601
711	(3, 3): 0.423190821
712	(3, 3): 0.412357088
713	(3, 3): 0.410840725
714	(3, 3): 0.487084386
715	(3, 3): 0.413330892
716	(3, 3): 0.348331021
717	(3, 3): 0.28987173
718	(3, 3): 0.261700724
719	(3, 3): 0.249312857
720	(3, 3): 0.405824183
721	(3, 3): 0.398965701
722	(3, 3): 0.45830352
723	(3, 3): 0.45822397
724	(3, 3): 0.415453956
725	(3, 3): 0.430884156
726	(3, 3): 0.423600411
727	(3, 3): 0.499285014
728	(3, 3): 0.488531723
729	(3, 3): 0.554908229
730	(3, 3): 0.56189214
731	(3, 3): 0.426567797
732	(3, 3): 0.450074885
733	(3, 3): 0.42274603
734	(3, 3): 0.517717978
735	(3, 3): 0.560159183
736	(3, 3): 0.586910286
737	(3, 3): 0.537029593
738	(3, 3): 0.526420921
739	(3, 3): 0.575309733
740	(3, 3): 0.540815658
741	(3, 3): 0.57380103
742	(3, 3): 0.59744279
743	(3, 3): 0.573977036
744	(3, 3): 0.599912119
745	(3, 3): 0.583604626
746	(3, 3): 0.588005817
747	(3, 3): 0.551630342
748	(3, 3): 0.512519112
749	(3, 3): 0.50884153
750	(3, 3): 0.548332376
751	(3, 3): 0.553410273
752	(3, 3): 0.519871992
753	(3, 3): 0.515524709
754	(3, 3): 0.491583484
755	(3, 3): 0.44162485
756	(3, 3): 0.480362533
757	(3, 3): 0.511359398
758	(3, 3): 0.47880679
759	(3, 3): 0.495521129
760	(3, 3): 0.530736423
761	(3, 3): 0.536207186
762	(3, 3): 0.507605675
763	(3, 3): 0.51291453
764	(3, 3): 0.478001565
765	(3, 3): 0.453712716
766	(3, 3): 0.442693164
767	(3, 3): 0.284750595
768	(3, 3): 0.193156045
769	(3, 3): 0.120472705
770	(3, 3): 0.0573224267
771	(3, 3): 0.0612959006
772	(3, 3): 0.197181341
773	(3, 3): 0.252416002
774	(3, 3): 0.145119984
775	(3, 3): 0.168290261
776	(3, 3): 0.203063966
777	(3, 3): 0.131491074
778	(3, 3): 0.105075197
779	(3, 3): 0.179843382
780	(3, 3): 0.219785178
781	(3, 3): 0.183000889
782	(3, 3): 0.216524254
783	(3, 3): 0.162071212
784	(3, 3): 0.119858082
785	(3, 3): 0.159409325
786	(3, 3): 0.327266857
787	(3, 3): 0.246744014
788	(3, 3): 0.160855845
789	(3, 3): 0.171069529
790	(3, 3): 0.190384427
791	(3, 3): 0.155983389
792	(3, 3): 0.271216881
793	(3, 3): 0.284154312
794	(3, 3): 0.200608397
795	(3, 3): 0.205312955
796	(3, 3): 0.319677053
797	(3, 3): 0.266589934
798	(3, 3): 0.192844171
799	(3, 3): 0.211887753
800	(3, 3): 0.266348634
801	(3, 3): 0.245164238
802	(3, 3): 0.192595783
803	(3, 3): 0.0516961395
804	(3, 3): 0.119321772
805	(3, 3): 0.0650221281
806	(3, 3): 0.117862209
807	(3, 3): 0.0586581819
808	(3, 3): 0.13027929
809	(3, 3): 0.164709901
810	(3, 3): 0.156223443
811	(3, 3): 0.181955828
812	(3, 3): 0.0525971605
813	(3, 3): 0.100942254
814	(3, 3): 0.088738433
815	(3, 3): 0.120996203
816	(3, 3): 0.12088837
817	(3, 3): 0.161862639
818	(3, 3): 0.290493294
819	(3, 3): 0.326822818
820	(3, 3): 0.315745014
821	(3, 3): 0.384780177
822	(3, 3): 0.412810635
823	(3, 3): 0.349895729
824	(3, 3): 0.369119441
825	(3, 3): 0.439792337
826	(3, 3): 0.552563297
827	(3, 3): 0.593481411
828	(3, 3): 0.571985677
829	(3, 3): 0.589865271
830	(3, 3): 0.602260836
831	(3, 3): 0.562929072
832	(3, 3): 0.49691909
833	(3, 3): 0.453414293
834	(3, 3): 0.495784547
835	(3, 3): 0.376806967
836	(3, 3): 0.387155228
837	(3, 3): 0.438417445
838	(3, 3): 0.449198516
839	(3, 3): 0.424332645
840	(3, 3): 0.43084235
841	(3, 3): 0.384691036
842	(3, 3): 0.329544105
843	(3, 3): 0.344984357
844	(3, 3): 0.261214627
845	(3, 3): 0.304199592
846	(3, 3): 0.221382995
847	(3, 3): 0.20709231
848	(3, 3): 0.252895721
849	(3, 3): 0.0668149943
850	(3, 3): 0.0861950804
851	(3, 3): 0.169896473
852	(3, 3): 0.103396674
853	(3, 3): 0.100071069
854	(3, 3): 0.0898242085
855	(3, 3): 0.108223561
856	(3, 3): 0.0882261594
857	(3, 3): 0.148320771
858	(3, 3): 0.249184883
859	(3, 3): 0.238255088
860	(3, 3): 0.303087741
861	(3, 3): 0.280236176
862	(3, 3): 0.303514247
863	(3, 3): 0.261396573
864	(3, 3): 0.196327773
865	(3, 3): 0.0854427246
866	(3, 3): 0.116845093
867	(3, 3): 0.0890642676
868	(3, 3): 0.0994695673
869	(3, 3): 0.201294797
870	(3, 3): 0.248965281
871	(3, 3): 0.204312406
872	(3, 3): 0.106260158
873	(3, 3): 0.143256591
874	(3, 3): 0.203710038
875	(3, 3): 0.205861814
876	(3, 3): 0.246649081
877	(3, 3): 0.216376146
878	(3, 3): 0.27870279
879	(3, 3): 0.348655864
880	(3, 3): 0.435487226
881	(3, 3): 0.416420295
882	(3, 3): 0.421274963
883	(3, 3): 0.436358564
884	(3, 3): 0.44369465
885	(3, 3): 0.391934598
886	(3, 3): 0.338443752
887	(3, 3): 0.362663614
888	(3, 3): 0.264221302
889	(3, 3): 0.268192663
890	(3, 3): 0.199220823
891	(3, 3): 0.263131281
892	(3, 3): 0.243510377
893	(3, 3): 0.237365971
894	(3, 3): 0.21974191
895	(3, 3): 0.224139317
896	(3, 3): 0.32741218
897	(3, 3): 0.273998692
898	(3, 3): 0.285031186
899	(3, 3): 0.317725079
900	(3, 3): 0.356155155
901	(3, 3): 0.29491839
902	(3, 3): 0.216952269
903	(3, 3): 0.180584851
904	(3, 3): 0.0885853575
905	(3, 3): 0.241107808
906	(3, 3): 0.258448257
907	(3, 3): 0.198542857
908	(3, 3): 0.0885195394
909	(3, 3): 0.0933242619
910	(3, 3): 0.0671913983
911	(3, 3): 0.0716747492
912	(3, 3): 0.0602265759
913	(3, 3): 0.101326623
914	(3, 3): 0.172557534
915	(3, 3): 0.241930964
916	(3, 3): 0.255968662
917	(3, 3): 0.285689873
918	(3, 3): 0.249290393
919	(3, 3): 0.337376085
920	(3, 3): 0.321147068
921	(3, 3): 0.350017819
922	(3, 3): 0.335834885
923	(3, 3): 0.325826335
924	(3, 3): 0.43059758
925	(3, 3): 0.505231075
926	(3, 3): 0.508663938
927	(3, 3): 0.509542269
928	(3, 3): 0.594640234
929	(3, 3): 0.582624565
930	(3, 3): 0.61140949
931	(3, 3): 0.58674637
932	(3, 3): 0.469014363
933	(3, 3): 0.410025607
934	(3, 3): 0.250823391
935	(3, 3): 0.280823834
936	(3, 3): 0.279223793
937	(3, 3): 0.27372128
938	(3, 3): 0.293863362
939	(3, 3): 0.324670777
940	(3, 3): 0.34970786
941	(3, 3): 0.319806368
942	(3, 3): 0.180790023
943	(3, 3): 0.167696376
944	(3, 3): 0.14674044
945	(3, 3): 0.196365425
946	(3, 3): 0.175031977
947	(3, 3): 0.18645422
948	(3, 3): 0.119448058
949	(3, 3): 0.10442721
950	(3, 3): 0.260065388
951	(3, 3): 0.278675492
952	(3, 3): 0.3043293
953	(3, 3): 0.289348917
954	(3, 3): 0.189065264
955	(3, 3): 0.299901714
956	(3, 3): 0.305672861
957	(3, 3): 0.306618933
958	(3, 3): 0.367710997
959	(3, 3): 0.414037732
960	(3, 3): 0.361000736
961	(3, 3): 0.332021975
962	(3, 3): 0.382498084
963	(3, 3): 0.341433466
964	(3, 3): 0.393786886
965	(3, 3): 0.360494695
966	(3, 3): 0.317008694
967	(3, 3): 0.347991131
968	(3, 3): 0.411054036
969	(3, 3): 0.445575389
970	(3, 3): 0.46321175
971	(3, 3): 0.436468993
972	(3, 3): 0.541503391
973	(3, 3): 0.529970566
974	(3, 3): 0.549643335
975	(3, 3): 0.538138656
976	(3, 3): 0.498982013
977	(3, 3): 0.446218234
978	(3, 3): 0.448087461
979	(3, 3): 0.393128783
980	(3, 3): 0.414751554
981	(3, 3): 0.3528552
982	(3, 3): 0.268883819
983	(3, 3): 0.216285186
984	(3, 3): 0.18973577
985	(3, 3): 0.0818146498
986	(3, 3): 0.0845903667
987	(3, 3): 0.175811688
988	(3, 3): 0.127117901
989	(3, 3): 0.0916507174
990	(3, 3): 0.0779998953
991	(3, 3): 0.0657863906
992	(3, 3): 0.114462141
993	(3, 3): 0.0895271103
994	(3, 3): 0.062300517
995	(3, 3): 0.0815350373
996	(3, 3): 0.0757801311
997	(3, 3): 0.0590627997
998	(3, 3): 0.0573999038
999	(3, 3): 0.213054728
1000	(3, 3): 0.212160313
