0	(3, 3): 0.151220437
1	(3, 3): 0.247391007
2	(3, 3): 0.314057846
3	(3, 3): 0.283458792
4	(3, 3): 0.185426328
5	(3, 3): 0.22821822
6	(3, 3): 0.26726405
7	(3, 3): 0.210453706
8	(3, 3): 0.163307858
9	(3, 3): 0.226881209
10	(3, 3): 0.218001506
11	(3, 3): 0.276113224
12	(3, 3): 0.361670686
13	(3, 3): 0.488343885
14	(3, 3): 0.464640612
15	(3, 3): 0.394822894
16	(3, 3): 0.42239441
17	(3, 3): 0.447088738
18	(3, 3): 0.554674374
19	(3, 3): 0.567020909
20	(3, 3): 0.482354796
21	(3, 3): 0.526030551
22	(3, 3): 0.524031253
23	(3, 3): 0.5418127
24	(3, 3): 0.344052022
25	(3, 3): 0.331965595
26	(3, 3): 0.350320955
27	(3, 3): 0.329882119
28	(3, 3): 0.371905588
29	(3, 3): 0.361523155
30	(3, 3): 0.480479057
31	(3, 3): 0.438611446
32	(3, 3): 0.519398288
33	(3, 3): 0.49454763
34	(3, 3): 0.516958062
35	(3, 3): 0.573089295
36	(3, 3): 0.503710071
37	(3, 3): 0.446260659
38	(3, 3): 0.440028728
39	(3, 3): 0.432939257
40	(3, 3): 0.462120798
41	(3, 3): 0.39786913
42	(3, 3): 0.370015968
43	(3, 3): 0.41270023
44	(3, 3): 0.485193953
45	(3, 3): 0.412407518
46	(3, 3): 0.516860706
47	(3, 3): 0.438565713
48	(3, 3): 0.395093465
49	(3, 3): 0.345921726
50	(3, 3): 0.232947068
51	(3, 3): 0.167816479
52	(3, 3): 0.253356565
53	(3, 3): 0.248969
54	(3, 3): 0.138889329
55	(3, 3): 0.262339902
56	(3, 3): 0.379176724
57	(3, 3): 0.411938371
58	(3, 3): 0.425454568
59	(3, 3): 0.414521026
60	(3, 3): 0.533610173
61	(3, 3): 0.571273021
62	(3, 3): 0.591771339
63	(3, 3): 0.604941198
64	(3, 3): 0.558048775
65	(3, 3): 0.536749072
66	(3, 3): 0.618596936
67	(3, 3): 0.609597722
68	(3, 3): 0.633123554
69	(3, 3): 0.543940979
70	(3, 3): 0.398376333
71	(3, 3): 0.330892219
72	(3, 3): 0.343548357
73	(3, 3): 0.351257285
74	(3, 3): 0.310828849
75	(3, 3): 0.346298483
76	(3, 3): 0.391742393
77	(3, 3): 0.447813018
78	(3, 3): 0.526738137
79	(3, 3): 0.455829534
80	(3, 3): 0.402623983
81	(3, 3): 0.40717019
82	(3, 3): 0.428170673
83	(3, 3): 0.331282689
84	(3, 3): 0.291264036
85	(3, 3): 0.294468978
86	(3, 3): 0.248835686
87	(3, 3): 0.216527652
88	(3, 3): 0.21689521
89	(3, 3): 0.26192028
90	(3, 3): 0.302595084
91	(3, 3): 0.430221147
92	(3, 3): 0.451701453
93	(3, 3): 0.438544474
94	(3, 3): 0.490776626
95	(3, 3): 0.482556995
96	(3, 3): 0.438215047
97	(3, 3): 0.326135633
98	(3, 3): 0.365176748
99	(3, 3): 0.331864347
100	(3, 3): 0.394421376
101	(3, 3): 0.366421503
102	(3, 3): 0.315452654
103	(3, 3): 0.285235606
104	(3, 3): 0.245638595
105	(3, 3): 0.197632086
106	(3, 3): 0.257114751
107	(3, 3): 0.203095714
108	(3, 3): 0.112526585
109	(3, 3): 0.0642893736
110	(3, 3): 0.082642564
111	(3, 3): 0.103024762
112	(3, 3): 0.0661533112
113	(3, 3): 0.0960744462
114	(3, 3): 0.034512009
115	(3, 3): 0.043426815
116	(3, 3): 0.0590265466
117	(3, 3): 0.0551636374
118	(3, 3): 0.0556400042
119	(3, 3): 0.0421165292
120	(3, 3): 0.0936991533
121	(3, 3): 0.0675937489
122	(3, 3): 0.123392767
123	(3, 3): 0.0544432352
124	(3, 3): 0.0581726052
125	(3, 3): 0.106732826
126	(3, 3): 0.211245258
127	(3, 3): 0.19619428
128	(3, 3): 0.282502085
129	(3, 3): 0.37373328
130	(3, 3): 0.372688639
131	(3, 3): 0.438602791
132	(3, 3): 0.388722637
133	(3, 3): 0.383321314
134	(3, 3): 0.341472158
135	(3, 3): 0.355898328
136	(3, 3): 0.380913306
137	(3, 3): 0.388024102
138	(3, 3): 0.488963114
139	(3, 3): 0.434606415
140	(3, 3): 0.410831862
141	(3, 3): 0.356740088
142	(3, 3): 0.336457415
143	(3, 3): 0.42894045
144	(3, 3): 0.3303966
145	(3, 3): 0.353847838
146	(3, 3): 0.388286373
147	(3, 3): 0.299296853
148	(3, 3): 0.33587832
149	(3, 3): 0.417971796
150	(3, 3): 0.416844313
151	(3, 3): 0.315033559
152	(3, 3): 0.259185279
153	(3, 3): 0.232235672
154	(3, 3): 0.319105968
155	(3, 3): 0.367322465
156	(3, 3): 0.419629462
157	(3, 3): 0.256095554
158	(3, 3): 0.245112937
159	(3, 3): 0.179747183
160	(3, 3): 0.135341713
161	(3, 3): 0.231913663
162	(3, 3): 0.158040402
163	(3, 3): 0.127440435
164	(3, 3): 0.150326302
165	(3, 3): 0.235001216
166	(3, 3): 0.288825391
167	(3, 3): 0.347096734
168	(3, 3): 0.389367573
169	(3, 3): 0.446048784
170	(3, 3): 0.569083018
171	(3, 3): 0.550676896
172	(3, 3): 0.485547071
173	(3, 3): 0.443173981
174	(3, 3): 0.482973109
175	(3, 3): 0.476573219
176	(3, 3): 0.392395114
177	(3, 3): 0.432495152
178	(3, 3): 0.583600005
179	(3, 3): 0.52877457
180	(3, 3): 0.547678992
181	(3, 3): 0.545251362
182	(3, 3): 0.543297795
183	(3, 3): 0.613999988
184	(3, 3): 0.5224318
185	(3, 3): 0.526995135
186	(3, 3): 0.581025156
187	(3, 3): 0.623099606
188	(3, 3): 0.626674354
189	(3, 3): 0.624720575
190	(3, 3): 0.573126882
191	(3, 3): 0.624791642
192	(3, 3): 0.597177943
193	(3, 3): 0.605912805
194	(3, 3): 0.545561215
195	(3, 3): 0.5012645
196	(3, 3): 0.46081125
197	(3, 3): 0.596993265
198	(3, 3): 0.623152256
199	(3, 3): 0.622031587
200	(3, 3): 0.590551135
201	(3, 3): 0.552477492
202	(3, 3): 0.526645803
203	(3, 3): 0.57697432
204	(3, 3): 0.572122853
205	(3, 3): 0.468885533
206	(3, 3): 0.453138308
207	(3, 3): 0.490506729
208	(3, 3): 0.48356064
209	(3, 3): 0.469511627
210	(3, 3): 0.526780718
211	(3, 3): 0.36765594
212	(3, 3): 0.292130849
213	(3, 3): 0.350800173
214	(3, 3): 0.371300268
215	(3, 3): 0.460569471
216	(3, 3): 0.517434747
217	(3, 3): 0.483602802
218	(3, 3): 0.450345615
219	(3, 3): 0.378505491
220	(3, 3): 0.4632969
221	(3, 3): 0.380814891
222	(3, 3): 0.348194813
223	(3, 3): 0.371990147
224	(3, 3): 0.326400104
225	(3, 3): 0.293061331
226	(3, 3): 0.324606627
227	(3, 3): 0.235158458
228	(3, 3): 0.22607717
229	(3, 3): 0.266489108
230	(3, 3): 0.346298443
231	(3, 3): 0.284465336
232	(3, 3): 0.24440124
233	(3, 3): 0.346823358
234	(3, 3): 0.358470834
235	(3, 3): 0.448360019
236	(3, 3): 0.465923415
237	(3, 3): 0.448551588
238	(3, 3): 0.469627287
239	(3, 3): 0.336769358
240	(3, 3): 0.3537021
241	(3, 3): 0.366181932
242	(3, 3): 0.411763016
243	(3, 3): 0.429282148
244	(3, 3): 0.493680869
245	(3, 3): 0.501469209
246	(3, 3): 0.438661603
247	(3, 3): 0.30376102
248	(3, 3): 0.192412012
249	(3, 3): 0.170894852
250	(3, 3): 0.152438906
251	(3, 3): 0.140342664
252	(3, 3): 0.156391267
253	(3, 3): 0.259046809
254	(3, 3): 0.270912294
255	(3, 3): 0.331972676
256	(3, 3): 0.400474093
257	(3, 3): 0.353370117
258	(3, 3): 0.303504311
259	(3, 3): 0.321698471
260	(3, 3): 0.218290056
261	(3, 3): 0.2125594
262	(3, 3): 0.0978814564
263	(3, 3): 0.0577982547
264	(3, 3): 0.134470513
265	(3, 3): 0.171061962
266	(3, 3): 0.165788639
267	(3, 3): 0.157337274
268	(3, 3): 0.212961206
269	(3, 3): 0.307366318
270	(3, 3): 0.402028968
271	(3, 3): 0.468995418
272	(3, 3): 0.543283434
273	(3, 3): 0.518181875
274	(3, 3): 0.555854215
275	(3, 3): 0.427451023
276	(3, 3): 0.457460571
277	(3, 3): 0.482316967
278	(3, 3): 0.456211369
279	(3, 3): 0.504577164
280	(3, 3): 0.378432928
281	(3, 3): 0.334016039
282	(3, 3): 0.351167642
283	(3, 3): 0.351976543
284	(3, 3): 0.434480992
285	(3, 3): 0.423280186
286	(3, 3): 0.381412226
287	(3, 3): 0.339230755
288	(3, 3): 0.38643458
289	(3, 3): 0.48688825
290	(3, 3): 0.529069649
291	(3, 3): 0.516926788
292	(3, 3): 0.54031177
293	(3, 3): 0.554235577
294	(3, 3): 0.497459488
295	(3, 3): 0.504973668
296	(3, 3): 0.517664618
297	(3, 3): 0.495013949
298	(3, 3): 0.544384273
299	(3, 3): 0.563032981
300	(3, 3): 0.485173989
301	(3, 3): 0.44374195
302	(3, 3): 0.375030316
303	(3, 3): 0.31284304
304	(3, 3): 0.348489237
305	(3, 3): 0.376412263
306	(3, 3): 0.307247047
307	(3, 3): 0.339418376
308	(3, 3): 0.26920966
309	(3, 3): 0.181810094
310	(3, 3): 0.162787521
311	(3, 3): 0.221423679
312	(3, 3): 0.234442356
313	(3, 3): 0.233135224
314	(3, 3): 0.22071606
315	(3, 3): 0.183478676
316	(3, 3): 0.194520836
317	(3, 3): 0.227595444
318	(3, 3): 0.302555187
319	(3, 3): 0.358137379
320	(3, 3): 0.412607846
321	(3, 3): 0.437285062
322	(3, 3): 0.426857876
323	(3, 3): 0.40861973
324	(3, 3): 0.318545451
325	(3, 3): 0.271674287
326	(3, 3): 0.244064534
327	(3, 3): 0.149832127
328	(3, 3): 0.165398526
329	(3, 3): 0.288535624
330	(3, 3): 0.226862666
331	(3, 3): 0.117676959
332	(3, 3): 0.183480308
333	(3, 3): 0.243799012
334	(3, 3): 0.171696391
335	(3, 3): 0.27475771
336	(3, 3): 0.361035328
337	(3, 3): 0.344855999
338	(3, 3): 0.345788494
339	(3, 3): 0.350587039
340	(3, 3): 0.266453943
341	(3, 3): 0.334047262
342	(3, 3): 0.304646257
343	(3, 3): 0.157228668
344	(3, 3): 0.0617058886
345	(3, 3): 0.0492008589
346	(3, 3): 0.053666458
347	(3, 3): 0.0432588902
348	(3, 3): 0.101131049
349	(3, 3): 0.0761710267
350	(3, 3): 0.0467023532
351	(3, 3): 0.0600076101
352	(3, 3): 0.0715746018
353	(3, 3): 0.221861702
354	(3, 3): 0.261633508
355	(3, 3): 0.194605924
356	(3, 3): 0.120350611
357	(3, 3): 0.0992141239
358	(3, 3): 0.0837504825
359	(3, 3): 0.119564013
360	(3, 3): 0.0700828917
361	(3, 3): 0.188296081
362	(3, 3): 0.109043137
363	(3, 3): 0.0889508633
364	(3, 3): 0.128995371
365	(3, 3): 0.134791298
366	(3, 3): 0.136331365
367	(3, 3): 0.133929804
368	(3, 3): 0.170062052
369	(3, 3): 0.0987002218
370	(3, 3): 0.113317747
371	(3, 3): 0.146264142
372	(3, 3): 0.184150137
373	(3, 3): 0.136051881
374	(3, 3): 0.0672065302
375	(3, 3): 0.0628754906
376	(3, 3): 0.0452103042
377	(3, 3): 0.0641261734
378	(3, 3): 0.0558132758
379	(3, 3): 0.101211553
380	(3, 3): 0.109320835
381	(3, 3): 0.167097935
382	(3, 3): 0.166830379
383	(3, 3): 0.154962195
384	(3, 3): 0.18145326
385	(3, 3): 0.127789846
386	(3, 3): 0.151404765
387	(3, 3): 0.21585853
388	(3, 3): 0.134678129
389	(3, 3): 0.109184739
390	(3, 3): 0.139844832
391	(3, 3): 0.215198421
392	(3, 3): 0.200687904
393	(3, 3): 0.148399699
394	(3, 3): 0.128303454
395	(3, 3): 0.137806762
396	(3, 3): 0.129679111
397	(3, 3): 0.0792735342
398	(3, 3): 0.0442023095
399	(3, 3): 0.0864603581
400	(3, 3): 0.167434959
401	(3, 3): 0.143681013
402	(3, 3): 0.162008048
403	(3, 3): 0.180329417
404	(3, 3): 0.241873942
405	(3, 3): 0.211686025
406	(3, 3): 0.268337898
407	(3, 3): 0.303727462
408	(3, 3): 0.312403963
409	(3, 3): 0.228997351
410	(3, 3): 0.252020731
411	(3, 3): 0.247441173
412	(3, 3): 0.232847752
413	(3, 3): 0.180155012
414	(3, 3): 0.124775012
415	(3, 3): 0.138113976
416	(3, 3): 0.205412559
417	(3, 3): 0.242420379
418	(3, 3): 0.169949754
419	(3, 3): 0.263453163
420	(3, 3): 0.248277547
421	(3, 3): 0.329866767
422	(3, 3): 0.340698656
423	(3, 3): 0.285381475
424	(3, 3): 0.330121216
425	(3, 3): 0.311826734
426	(3, 3): 0.292968981
427	(3, 3): 0.306444323
428	(3, 3): 0.274963183
429	(3, 3): 0.25733134
430	(3, 3): 0.273088502
431	(3, 3): 0.260690343
432	(3, 3): 0.209704896
433	(3, 3): 0.1517024
434	(3, 3): 0.169415234
435	(3, 3): 0.195896801
436	(3, 3): 0.237396979
437	(3, 3): 0.192694818
438	(3, 3): 0.213931139
439	(3, 3): 0.194445529
440	(3, 3): 0.145359729
441	(3, 3): 0.177614261
442	(3, 3): 0.215576011
443	(3, 3): 0.215541009
444	(3, 3): 0.112734751
445	(3, 3): 0.147914989
446	(3, 3): 0.0921770306
447	(3, 3): 0.150430156
448	(3, 3): 0.163706181
449	(3, 3): 0.188963222
450	(3, 3): 0.201232272
451	(3, 3): 0.200349054
452	(3, 3): 0.0768013903
453	(3, 3): 0.0396246286
454	(3, 3): 0.126483425
455	(3, 3): 0.231626242
456	(3, 3): 0.250669557
457	(3, 3): 0.22073289
458	(3, 3): 0.208586008
459	(3, 3): 0.144969338
460	(3, 3): 0.257058606
461	(3, 3): 0.191269385
462	(3, 3): 0.120151643
463	(3, 3): 0.175535109
464	(3, 3): 0.150805565
465	(3, 3): 0.116493889
466	(3, 3): 0.141086075
467	(3, 3): 0.108358866
468	(3, 3): 0.0929253611
469	(3, 3): 0.183929927
470	(3, 3): 0.274314004
471	(3, 3): 0.257955049
472	(3, 3): 0.295694065
473	(3, 3): 0.199010732
474	(3, 3): 0.141663598
475	(3, 3): 0.132983098
476	(3, 3): 0.156020463
477	(3, 3): 0.188504185
478	(3, 3): 0.175289463
479	(3, 3): 0.138248988
480	(3, 3): 0.263437628
481	(3, 3): 0.265054128
482	(3, 3): 0.300971975
483	(3, 3): 0.210633086
484	(3, 3): 0.362843042
485	(3, 3): 0.327165746
486	(3, 3): 0.332796155
487	(3, 3): 0.357798062
488	(3, 3): 0.339160257
489	(3, 3): 0.30160052
490	(3, 3): 0.257889247
491	(3, 3): 0.248109708
492	(3, 3): 0.151405253
493	(3, 3): 0.088684161
494	(3, 3): 0.088574879
495	(3, 3): 0.145733979
496	(3, 3): 0.093941736
497	(3, 3): 0.144580647
498	(3, 3): 0.166898508
499	(3, 3): 0.138893314
500	(3, 3): 0.11543581
501	(3, 3): 0.126165957
502	(3, 3): 0.0621322649
503	(3, 3): 0.0479319993
504	(3, 3): 0.105435182
505	(3, 3): 0.0651992496
506	(3, 3): 0.0974327435
507	(3, 3): 0.118154278
508	(3, 3): 0.107528938
509	(3, 3): 0.037510704
510	(3, 3): 0.0878939656
511	(3, 3): 0.0843447912
512	(3, 3): 0.229595272
513	(3, 3): 0.161823507
514	(3, 3): 0.165495045
515	(3, 3): 0.113002347
516	(3, 3): 0.0916890174
517	(3, 3): 0.138902624
518	(3, 3): 0.0868979045
519	(3, 3): 0.0928007778
520	(3, 3): 0.0759527538
521	(3, 3): 0.0712017237
522	(3, 3): 0.167843603
523	(3, 3): 0.183182312
524	(3, 3): 0.20805639
525	(3, 3): 0.153145414
526	(3, 3): 0.088545306
527	(3, 3): 0.0806571614
528	(3, 3): 0.154998289
529	(3, 3): 0.157818955
530	(3, 3): 0.148971633
531	(3, 3): 0.19969291
532	(3, 3): 0.203719706
533	(3, 3): 0.17278371
534	(3, 3): 0.15521432
535	(3, 3): 0.239969548
536	(3, 3): 0.278838985
537	(3, 3): 0.29583389
538	(3, 3): 0.378150516
539	(3, 3): 0.368718072
540	(3, 3): 0.300759319
541	(3, 3): 0.385125832
542	(3, 3): 0.351073646
543	(3, 3): 0.387165254
544	(3, 3): 0.415245177
545	(3, 3): 0.471217332
546	(3, 3): 0.370373984
547	(3, 3): 0.274526932
548	(3, 3): 0.378705296
549	(3, 3): 0.441703177
550	(3, 3): 0.430884512
551	(3, 3): 0.305540234
552	(3, 3): 0.245340228
553	(3, 3): 0.299380602
554	(3, 3): 0.24181889
555	(3, 3): 0.270742172
556	(3, 3): 0.205035749
557	(3, 3): 0.189824093
558	(3, 3): 0.213270766
559	(3, 3): 0.223527963
560	(3, 3): 0.344404756
561	(3, 3): 0.391701905
562	(3, 3): 0.373070672
563	(3, 3): 0.270319146
564	(3, 3): 0.17664757
565	(3, 3): 0.247452912
566	(3, 3): 0.29818973
567	(3, 3): 0.331352066
568	(3, 3): 0.306759241
569	(3, 3): 0.257870027
570	(3, 3): 0.364125021
571	(3, 3): 0.338546765
572	(3, 3): 0.336756294
573	(3, 3): 0.359078637
574	(3, 3): 0.216027048
575	(3, 3): 0.238290523
576	(3, 3): 0.174582227
577	(3, 3): 0.148883784
578	(3, 3): 0.0910645645
579	(3, 3): 0.122561144
580	(3, 3): 0.17298968
581	(3, 3): 0.207897708
582	(3, 3): 0.265958343
583	(3, 3): 0.284627134
584	(3, 3): 0.255894819
585	(3, 3): 0.254721117
586	(3, 3): 0.269311019
587	(3, 3): 0.288695965
588	(3, 3): 0.334993534
589	(3, 3): 0.246486843
590	(3, 3): 0.220915384
591	(3, 3): 0.316704923
592	(3, 3): 0.3053958
593	(3, 3): 0.350998329
594	(3, 3): 0.487611168
595	(3, 3): 0.545338739
596	(3, 3): 0.546077528
597	(3, 3): 0.5515106
598	(3, 3): 0.527878542
599	(3, 3): 0.526873873
600	(3, 3): 0.523858286
601	(3, 3): 0.591109
602	(3, 3): 0.552967602
603	(3, 3): 0.531660072
604	(3, 3): 0.477059644
605	(3, 3): 0.498818563
606	(3, 3): 0.511401873
607	(3, 3): 0.487155543
608	(3, 3): 0.457878322
609	(3, 3): 0.491306884
610	(3, 3): 0.458491316
611	(3, 3): 0.511201903
612	(3, 3): 0.497538758
613	(3, 3): 0.472762485
614	(3, 3): 0.540197721
615	(3, 3): 0.555730524
616	(3, 3): 0.607637195
617	(3, 3): 0.596952225
618	(3, 3): 0.486077196
619	(3, 3): 0.508468206
620	(3, 3): 0.427757343
621	(3, 3): 0.523089131
622	(3, 3): 0.527571871
623	(3, 3): 0.444549243
624	(3, 3): 0.596819465
625	(3, 3): 0.497837296
626	(3, 3): 0.515568708
627	(3, 3): 0.395725277
628	(3, 3): 0.340463814
629	(3, 3): 0.347700385
630	(3, 3): 0.426445538
631	(3, 3): 0.34273175
632	(3, 3): 0.326287903
633	(3, 3): 0.321380699
634	(3, 3): 0.209347021
635	(3, 3): 0.186757189
636	(3, 3): 0.271918474
637	(3, 3): 0.309688239
638	(3, 3): 0.343581404
639	(3, 3): 0.318550414
640	(3, 3): 0.318505934
641	(3, 3): 0.344141664
642	(3, 3): 0.408518818
643	(3, 3): 0.438011716
644	(3, 3): 0.475029713
645	(3, 3): 0.448855989
646	(3, 3): 0.459309918
647	(3, 3): 0.453499657
648	(3, 3): 0.396663303
649	(3, 3): 0.509560943
650	(3, 3): 0.553165397
651	(3, 3): 0.556445575
652	(3, 3): 0.50978762
653	(3, 3): 0.503464492
654	(3, 3): 0.420905216
655	(3, 3): 0.461316907
656	(3, 3): 0.408310038
657	(3, 3): 0.391873815
658	(3, 3): 0.307884158
659	(3, 3): 0.277121439
660	(3, 3): 0.245131609
661	(3, 3): 0.138935564
662	(3, 3): 0.181735743
663	(3, 3): 0.141344722
664	(3, 3): 0.122337439
665	(3, 3): 0.192709053
666	(3, 3): 0.167675189
667	(3, 3): 0.120496218
668	(3, 3): 0.207764881
669	(3, 3): 0.205443728
670	(3, 3): 0.21281095
671	(3, 3): 0.226909117
672	(3, 3): 0.259889544
673	(3, 3): 0.253134435
674	(3, 3): 0.180598811
675	(3, 3): 0.209794966
676	(3, 3): 0.248245269
677	(3, 3): 0.214331033
678	(3, 3): 0.224659963
679	(3, 3): 0.200516297
680	(3, 3): 0.138745667
681	(3, 3): 0.111003734
682	(3, 3): 0.215490604
683	(3, 3): 0.19343372
684	(3, 3): 0.214081114
685	(3, 3): 0.177551533
686	(3, 3): 0.0884778733
687	(3, 3): 0.152066909
688	(3, 3): 0.233734176
689	(3, 3): 0.202341205
690	(3, 3): 0.237204893
691	(3, 3): 0.175069422
692	(3, 3): 0.271178481
693	(3, 3): 0.203231807
694	(3, 3): 0.263412711
695	(3, 3): 0.303438462
696	(3, 3): 0.386565255
697	(3, 3): 0.453034929
698	(3, 3): 0.483609526
699	(3, 3): 0.500697958
700	(3, 3): 0.466077926
701	(3, 3): 0.508800964
702	(3, 3): 0.504813584
703	(3, 3): 0.599182304
704	(3, 3): 0.562229895
705	(3, 3): 0.587866813
706	(3, 3): 0.601731536
707	(3, 3): 0.502560842
708	(3, 3): 0.469160027
709	(3, 3): 0.455273621
710	(3, 3): 0.480987588
711	(3, 3): 0.384127888
712	(3, 3): 0.371830591
713	(3, 3): 0.370123118
714	(3, 3): 0.460518537
715	(3, 3): 0.372928887
716	(3, 3): 0.302488586
717	(3, 3): 0.243685999
718	(3, 3): 0.216740529
719	(3, 3): 0.205160113
720	(3, 3): 0.364497987
721	(3, 3): 0.356865527
722	(3, 3): 0.425257172
723	(3, 3): 0.425161746
724	(3, 3): 0.375328166
725	(3, 3): 0.392967228
726	(3, 3): 0.384596233
727	(3, 3): 0.475937874
728	(3, 3): 0.462332328
729	(3, 3): 0.550455624
730	(3, 3): 0.560381474
731	(3, 3): 0.387996832
732	(3, 3): 0.41544292
733	(3, 3): 0.383619579
734	(3, 3): 0.499820427
735	(3, 3): 0.557904972
736	(3, 3): 0.597216035
737	(3, 3): 0.525672379
738	(3, 3): 0.511359899
739	(3, 3): 0.57987461
740	(3, 3): 0.530848977
741	(3, 3): 0.577653599
742	(3, 3): 0.61339332
743	(3, 3): 0.57791231
744	(3, 3): 0.617250018
745	(3, 3): 0.592225597
746	(3, 3): 0.598878825
747	(3, 3): 0.545845992
748	(3, 3): 0.493009777
749	(3, 3): 0.488228149
750	(3, 3): 0.541238739
751	(3, 3): 0.548345268
752	(3, 3): 0.502660126
753	(3, 3): 0.496939806
754	(3, 3): 0.466170163
755	(3, 3): 0.405480975
756	(3, 3): 0.452147374
757	(3, 3): 0.491498715
758	(3, 3): 0.450222057
759	(3, 3): 0.471149285
760	(3, 3): 0.517148565
761	(3, 3): 0.5245528
762	(3, 3): 0.486627867
763	(3, 3): 0.493525669
764	(3, 3): 0.449227317
765	(3, 3): 0.419767744
766	(3, 3): 0.406734047
767	(3, 3): 0.238728058
768	(3, 3): 0.154587921
769	(3, 3): 0.0933286676
770	(3, 3): 0.0433353072
771	(3, 3): 0.0464034906
772	(3, 3): 0.15811292
773	(3, 3): 0.208045976
774	(3, 3): 0.113617482
775	(3, 3): 0.133133531
776	(3, 3): 0.163291188
777	(3, 3): 0.102340642
778	(3, 3): 0.0808859425
779	(3, 3): 0.143033952
780	(3, 3): 0.178187692
781	(3, 3): 0.14576004
782	(3, 3): 0.175261703
783	(3, 3): 0.127851496
784	(3, 3): 0.0928286579
785	(3, 3): 0.125600621
786	(3, 3): 0.280832805
787	(3, 3): 0.202778656
788	(3, 3): 0.126823055
789	(3, 3): 0.135504686
790	(3, 3): 0.152169351
791	(3, 3): 0.122712353
792	(3, 3): 0.225746444
793	(3, 3): 0.238152399
794	(3, 3): 0.161125747
795	(3, 3): 0.16527938
796	(3, 3): 0.273161473
797	(3, 3): 0.221355507
798	(3, 3): 0.154315426
799	(3, 3): 0.171118991
800	(3, 3): 0.221127145
801	(3, 3): 0.201317481
802	(3, 3): 0.154098464
803	(3, 3): 0.0390075468
804	(3, 3): 0.0923925865
805	(3, 3): 0.049289701
806	(3, 3): 0.0912069054
807	(3, 3): 0.04436564
808	(3, 3): 0.101344996
809	(3, 3): 0.130088623
810	(3, 3): 0.122914416
811	(3, 3): 0.144856794
812	(3, 3): 0.0396993082
813	(3, 3): 0.0775751604
814	(3, 3): 0.0678684753
815	(3, 3): 0.0937547677
816	(3, 3): 0.0936669806
817	(3, 3): 0.127674914
818	(3, 3): 0.244290349
819	(3, 3): 0.280382102
820	(3, 3): 0.269214051
821	(3, 3): 0.341287236
822	(3, 3): 0.372341948
823	(3, 3): 0.304119099
824	(3, 3): 0.324405062
825	(3, 3): 0.403335793
826	(3, 3): 0.547154871
827	(3, 3): 0.607258021
828	(3, 3): 0.574991213
829	(3, 3): 0.601711424
830	(3, 3): 0.620941949
831	(3, 3): 0.561867674
832	(3, 3): 0.472924476
833	(3, 3): 0.419412135
834	(3, 3): 0.471483483
835	(3, 3): 0.332651422
836	(3, 3): 0.343876228
837	(3, 3): 0.401729823
838	(3, 3): 0.414404328
839	(3, 3): 0.385434131
840	(3, 3): 0.39291895
841	(3, 3): 0.341190214
842	(3, 3): 0.283147951
843	(3, 3): 0.29901144
844	(3, 3): 0.216283084
845	(3, 3): 0.257727848
846	(3, 3): 0.179625145
847	(3, 3): 0.166855751
848	(3, 3): 0.208492996
849	(3, 3): 0.050681504
850	(3, 3): 0.0658583522
851	(3, 3): 0.134503077
852	(3, 3): 0.0795398688
853	(3, 3): 0.0768788158
854	(3, 3): 0.0687279416
855	(3, 3): 0.083416153
856	(3, 3): 0.0674632523
857	(3, 3): 0.116287238
858	(3, 3): 0.205041313
859	(3, 3): 0.19495691
860	(3, 3): 0.256629835
861	(3, 3): 0.234372214
862	(3, 3): 0.257050866
863	(3, 3): 0.216454276
864	(3, 3): 0.157364203
865	(3, 3): 0.0652645657
866	(3, 3): 0.0903815787
867	(3, 3): 0.068126312
868	(3, 3): 0.0763983409
869	(3, 3): 0.161730484
870	(3, 3): 0.204837494
871	(3, 3): 0.164394274
872	(3, 3): 0.0818374153
873	(3, 3): 0.11206702
874	(3, 3): 0.163861857
875	(3, 3): 0.16576531
876	(3, 3): 0.202690778
877	(3, 3): 0.175129051
878	(3, 3): 0.232899478
879	(3, 3): 0.302826839
880	(3, 3): 0.398299367
881	(3, 3): 0.376422416
882	(3, 3): 0.381940546
883	(3, 3): 0.399330502
884	(3, 3): 0.407910402
885	(3, 3): 0.349109444
886	(3, 3): 0.29225591
887	(3, 3): 0.317539637
888	(3, 3): 0.219116557
889	(3, 3): 0.222873885
890	(3, 3): 0.159904585
891	(3, 3): 0.21808822
892	(3, 3): 0.199790519
893	(3, 3): 0.194141895
894	(3, 3): 0.178148801
895	(3, 3): 0.182110663
896	(3, 3): 0.28098036
897	(3, 3): 0.228397456
898	(3, 3): 0.238999077
899	(3, 3): 0.271199586
900	(3, 3): 0.310672594
901	(3, 3): 0.248605418
902	(3, 3): 0.175645173
903	(3, 3): 0.143673323
904	(3, 3): 0.0677473696
905	(3, 3): 0.197577256
906	(3, 3): 0.213684511
907	(3, 3): 0.159308574
908	(3, 3): 0.0676953025
909	(3, 3): 0.0715039348
910	(3, 3): 0.0509739646
911	(3, 3): 0.0544643913
912	(3, 3): 0.0455768297
913	(3, 3): 0.0778825591
914	(3, 3): 0.136776915
915	(3, 3): 0.198334893
916	(3, 3): 0.211362156
917	(3, 3): 0.239635632
918	(3, 3): 0.205139258
919	(3, 3): 0.291158158
920	(3, 3): 0.274641928
921	(3, 3): 0.304246453
922	(3, 3): 0.28957599
923	(3, 3): 0.279371525
924	(3, 3): 0.392636345
925	(3, 3): 0.48356223
926	(3, 3): 0.487997986
927	(3, 3): 0.489136985
928	(3, 3): 0.60904629
929	(3, 3): 0.590753673
930	(3, 3): 0.635551983
931	(3, 3): 0.59696763
932	(3, 3): 0.43820544
933	(3, 3): 0.369206647
934	(3, 3): 0.206563635
935	(3, 3): 0.234937312
936	(3, 3): 0.233399585
937	(3, 3): 0.228132712
938	(3, 3): 0.247574624
939	(3, 3): 0.27820111
940	(3, 3): 0.303923168
941	(3, 3): 0.273291604
942	(3, 3): 0.143850328
943	(3, 3): 0.132627709
944	(3, 3): 0.114968064
945	(3, 3): 0.157397215
946	(3, 3): 0.138896771
947	(3, 3): 0.14875165
948	(3, 3): 0.0924952502
949	(3, 3): 0.0803660589
950	(3, 3): 0.215202574
951	(3, 3): 0.232873283
952	(3, 3): 0.257856034
953	(3, 3): 0.243177999
954	(3, 3): 0.151020662
955	(3, 3): 0.253491299
956	(3, 3): 0.259184969
957	(3, 3): 0.260121989
958	(3, 3): 0.32290264
959	(3, 3): 0.373726956
960	(3, 3): 0.315779982
961	(3, 3): 0.285674159
962	(3, 3): 0.338806771
963	(3, 3): 0.295337316
964	(3, 3): 0.351146065
965	(3, 3): 0.315245195
966	(3, 3): 0.270480689
967	(3, 3): 0.302134806
968	(3, 3): 0.370363112
969	(3, 3): 0.41012391
970	(3, 3): 0.431165912
971	(3, 3): 0.399459021
972	(3, 3): 0.531793304
973	(3, 3): 0.516117966
974	(3, 3): 0.543066515
975	(3, 3): 0.527184938
976	(3, 3): 0.475551314
977	(3, 3): 0.410881814
978	(3, 3): 0.413089428
979	(3, 3): 0.350421927
980	(3, 3): 0.37453365
981	(3, 3): 0.307211442
982	(3, 3): 0.223529515
983	(3, 3): 0.175047594
984	(3, 3): 0.151604324
985	(3, 3): 0.0624064601
986	(3, 3): 0.0645923116
987	(3, 3): 0.139565849
988	(3, 3): 0.0987527795
989	(3, 3): 0.0701755556
990	(3, 3): 0.0594106862
991	(3, 3): 0.0498827503
992	(3, 3): 0.0884509458
993	(3, 3): 0.0684926884
994	(3, 3): 0.0471807769
995	(3, 3): 0.0621865512
996	(3, 3): 0.0576718656
997	(3, 3): 0.0446779594
998	(3, 3): 0.0433950389
999	(3, 3): 0.17215975
1000	(3, 3): 0.171361957
