0	(3, 3): 0.812703513
1	(3, 3): 0.810453435
2	(3, 3): 0.809081735
3	(3, 3): 0.80971853
4	(3, 3): 0.811781622
5	(3, 3): 0.810846371
6	(3, 3): 0.810049377
7	(3, 3): 0.811220008
8	(3, 3): 0.81234655
9	(3, 3): 0.81087407
10	(3, 3): 0.811059593
11	(3, 3): 0.80986895
12	(3, 3): 0.808042858
13	(3, 3): 0.804890414
14	(3, 3): 0.805527673
15	(3, 3): 0.807275911
16	(3, 3): 0.806608175
17	(3, 3): 0.805985098
18	(3, 3): 0.802986695
19	(3, 3): 0.802612789
20	(3, 3): 0.80505356
21	(3, 3): 0.803830582
22	(3, 3): 0.803888249
23	(3, 3): 0.803369705
24	(3, 3): 0.808435254
25	(3, 3): 0.808698834
26	(3, 3): 0.808296778
27	(3, 3): 0.808743836
28	(3, 3): 0.807810191
29	(3, 3): 0.808046186
30	(3, 3): 0.80510436
31	(3, 3): 0.806201672
32	(3, 3): 0.804021259
33	(3, 3): 0.804719897
34	(3, 3): 0.804090968
35	(3, 3): 0.802426784
36	(3, 3): 0.804465214
37	(3, 3): 0.806006378
38	(3, 3): 0.80616566
39	(3, 3): 0.806345013
40	(3, 3): 0.805594095
41	(3, 3): 0.807203463
42	(3, 3): 0.807853417
43	(3, 3): 0.806846346
44	(3, 3): 0.8049764
45	(3, 3): 0.806853482
46	(3, 3): 0.804093744
47	(3, 3): 0.806202833
48	(3, 3): 0.80726949
49	(3, 3): 0.808394083
50	(3, 3): 0.810748796
51	(3, 3): 0.812223636
52	(3, 3): 0.810332097
53	(3, 3): 0.810421319
54	(3, 3): 0.813123224
55	(3, 3): 0.810149533
56	(3, 3): 0.807642702
57	(3, 3): 0.806864912
58	(3, 3): 0.806532246
59	(3, 3): 0.806801884
60	(3, 3): 0.803610493
61	(3, 3): 0.802482609
62	(3, 3): 0.801844993
63	(3, 3): 0.801426626
64	(3, 3): 0.802885109
65	(3, 3): 0.80351867
66	(3, 3): 0.800985719
67	(3, 3): 0.801277088
68	(3, 3): 0.800508853
69	(3, 3): 0.803306786
70	(3, 3): 0.807191367
71	(3, 3): 0.808722034
72	(3, 3): 0.808446326
73	(3, 3): 0.808275989
74	(3, 3): 0.809149888
75	(3, 3): 0.808385773
76	(3, 3): 0.807348828
77	(3, 3): 0.805966464
78	(3, 3): 0.803810134
79	(3, 3): 0.805758828
80	(3, 3): 0.807090138
81	(3, 3): 0.806980615
82	(3, 3): 0.806464552
83	(3, 3): 0.808713598
84	(3, 3): 0.809557828
85	(3, 3): 0.809491539
86	(3, 3): 0.810424032
87	(3, 3): 0.811090694
88	(3, 3): 0.811082928
89	(3, 3): 0.810158063
90	(3, 3): 0.809322562
91	(3, 3): 0.806413258
92	(3, 3): 0.805866067
93	(3, 3): 0.806203372
94	(3, 3): 0.804823733
95	(3, 3): 0.805048076
96	(3, 3): 0.80621173
97	(3, 3): 0.808824448
98	(3, 3): 0.807963557
99	(3, 3): 0.808701024
100	(3, 3): 0.807285435
101	(3, 3): 0.807935302
102	(3, 3): 0.809052215
103	(3, 3): 0.809682033
104	(3, 3): 0.810489124
105	(3, 3): 0.811500693
106	(3, 3): 0.810255723
107	(3, 3): 0.811379604
108	(3, 3): 0.81435191
109	(3, 3): 0.820757334
110	(3, 3): 0.817062773
111	(3, 3): 0.814987138
112	(3, 3): 0.820238897
113	(3, 3): 0.81555952
114	(3, 3): 0.844630157
115	(3, 3): 0.832032753
116	(3, 3): 0.822497586
117	(3, 3): 0.824109358
118	(3, 3): 0.82389193
119	(3, 3): 0.833370275
120	(3, 3): 0.815782022
121	(3, 3): 0.819867312
122	(3, 3): 0.813772349
123	(3, 3): 0.824449328
124	(3, 3): 0.822825938
125	(3, 3): 0.814721799
126	(3, 3): 0.811203043
127	(3, 3): 0.811532985
128	(3, 3): 0.809738162
129	(3, 3): 0.807768264
130	(3, 3): 0.807792242
131	(3, 3): 0.806201892
132	(3, 3): 0.807419971
133	(3, 3): 0.807546399
134	(3, 3): 0.808491885
135	(3, 3): 0.808172526
136	(3, 3): 0.807602425
137	(3, 3): 0.80743638
138	(3, 3): 0.804873464
139	(3, 3): 0.806303013
140	(3, 3): 0.806891838
141	(3, 3): 0.808153685
142	(3, 3): 0.808601386
143	(3, 3): 0.806445315
144	(3, 3): 0.808732735
145	(3, 3): 0.808218324
146	(3, 3): 0.807430221
147	(3, 3): 0.809391309
148	(3, 3): 0.808613983
149	(3, 3): 0.806717276
150	(3, 3): 0.80674497
151	(3, 3): 0.80906109
152	(3, 3): 0.810213649
153	(3, 3): 0.810763439
154	(3, 3): 0.808974663
155	(3, 3): 0.807914819
156	(3, 3): 0.806676471
157	(3, 3): 0.810276433
158	(3, 3): 0.810499835
159	(3, 3): 0.811918566
160	(3, 3): 0.813257782
161	(3, 3): 0.810770071
162	(3, 3): 0.812496704
163	(3, 3): 0.813586038
164	(3, 3): 0.812731808
165	(3, 3): 0.810706578
166	(3, 3): 0.809608145
167	(3, 3): 0.808368153
168	(3, 3): 0.807404804
169	(3, 3): 0.806011818
170	(3, 3): 0.802549747
171	(3, 3): 0.803106449
172	(3, 3): 0.804966781
173	(3, 3): 0.806085461
174	(3, 3): 0.805036784
175	(3, 3): 0.805209685
176	(3, 3): 0.807333407
177	(3, 3): 0.806356183
178	(3, 3): 0.802101157
179	(3, 3): 0.803751172
180	(3, 3): 0.803195836
181	(3, 3): 0.803267956
182	(3, 3): 0.80332582
183	(3, 3): 0.801134944
184	(3, 3): 0.803934266
185	(3, 3): 0.803802702
186	(3, 3): 0.802181331
187	(3, 3): 0.800838768
188	(3, 3): 0.800721551
189	(3, 3): 0.800785677
190	(3, 3): 0.802425627
191	(3, 3): 0.800783347
192	(3, 3): 0.80167406
193	(3, 3): 0.801395493
194	(3, 3): 0.803258764
195	(3, 3): 0.804533524
196	(3, 3): 0.805628514
197	(3, 3): 0.801679918
198	(3, 3): 0.800837046
199	(3, 3): 0.800873695
200	(3, 3): 0.801883412
201	(3, 3): 0.803052587
202	(3, 3): 0.803812803
203	(3, 3): 0.802306933
204	(3, 3): 0.802456505
205	(3, 3): 0.805415204
206	(3, 3): 0.805828817
207	(3, 3): 0.804831142
208	(3, 3): 0.805020829
209	(3, 3): 0.805398555
210	(3, 3): 0.803808903
211	(3, 3): 0.80790723
212	(3, 3): 0.809539918
213	(3, 3): 0.808286142
214	(3, 3): 0.807824051
215	(3, 3): 0.805634861
216	(3, 3): 0.804077369
217	(3, 3): 0.805019683
218	(3, 3): 0.805901141
219	(3, 3): 0.807658242
220	(3, 3): 0.805563124
221	(3, 3): 0.807604711
222	(3, 3): 0.808343882
223	(3, 3): 0.807808254
224	(3, 3): 0.80881877
225	(3, 3): 0.809520677
226	(3, 3): 0.808857235
227	(3, 3): 0.81070335
228	(3, 3): 0.810890753
229	(3, 3): 0.810065148
230	(3, 3): 0.808385774
231	(3, 3): 0.809697861
232	(3, 3): 0.810514341
233	(3, 3): 0.80837419
234	(3, 3): 0.808114874
235	(3, 3): 0.805952376
236	(3, 3): 0.805493761
237	(3, 3): 0.80594744
238	(3, 3): 0.805395477
239	(3, 3): 0.808594597
240	(3, 3): 0.808221573
241	(3, 3): 0.807940744
242	(3, 3): 0.806869182
243	(3, 3): 0.806436768
244	(3, 3): 0.804743814
245	(3, 3): 0.804527815
246	(3, 3): 0.806200399
247	(3, 3): 0.809298204
248	(3, 3): 0.811618878
249	(3, 3): 0.812142326
250	(3, 3): 0.812665421
251	(3, 3): 0.813070089
252	(3, 3): 0.81254534
253	(3, 3): 0.810216463
254	(3, 3): 0.809975076
255	(3, 3): 0.808698681
256	(3, 3): 0.807141664
257	(3, 3): 0.808228974
258	(3, 3): 0.809303569
259	(3, 3): 0.808919419
260	(3, 3): 0.811053515
261	(3, 3): 0.811174956
262	(3, 3): 0.815400093
263	(3, 3): 0.822974567
264	(3, 3): 0.813291949
265	(3, 3): 0.812137968
266	(3, 3): 0.812278327
267	(3, 3): 0.81251734
268	(3, 3): 0.811166387
269	(3, 3): 0.809222692
270	(3, 3): 0.807104416
271	(3, 3): 0.805412283
272	(3, 3): 0.803326245
273	(3, 3): 0.804056038
274	(3, 3): 0.802951228
275	(3, 3): 0.806482516
276	(3, 3): 0.805716271
277	(3, 3): 0.805054586
278	(3, 3): 0.805748875
279	(3, 3): 0.804440936
280	(3, 3): 0.807659921
281	(3, 3): 0.808654424
282	(3, 3): 0.808277981
283	(3, 3): 0.80826
284	(3, 3): 0.806306176
285	(3, 3): 0.806586234
286	(3, 3): 0.807590834
287	(3, 3): 0.808540922
288	(3, 3): 0.807473655
289	(3, 3): 0.8049302
290	(3, 3): 0.803742614
291	(3, 3): 0.804091859
292	(3, 3): 0.803413968
293	(3, 3): 0.802999872
294	(3, 3): 0.804639325
295	(3, 3): 0.804429825
296	(3, 3): 0.804070808
297	(3, 3): 0.804707017
298	(3, 3): 0.803293658
299	(3, 3): 0.802734227
300	(3, 3): 0.804976944
301	(3, 3): 0.806070937
302	(3, 3): 0.80773844
303	(3, 3): 0.809107405
304	(3, 3): 0.808337368
305	(3, 3): 0.807706599
306	(3, 3): 0.809225195
307	(3, 3): 0.808536823
308	(3, 3): 0.810009765
309	(3, 3): 0.811868288
310	(3, 3): 0.812361053
311	(3, 3): 0.81098774
312	(3, 3): 0.810718055
313	(3, 3): 0.810744925
314	(3, 3): 0.811002558
315	(3, 3): 0.811828075
316	(3, 3): 0.811570813
317	(3, 3): 0.810859266
318	(3, 3): 0.809323395
319	(3, 3): 0.808122359
320	(3, 3): 0.806848598
321	(3, 3): 0.806235303
322	(3, 3): 0.806497307
323	(3, 3): 0.806945531
324	(3, 3): 0.808986584
325	(3, 3): 0.809959544
326	(3, 3): 0.810521206
327	(3, 3): 0.812747574
328	(3, 3): 0.812288957
329	(3, 3): 0.809614117
330	(3, 3): 0.810874454
331	(3, 3): 0.814061062
332	(3, 3): 0.811828036
333	(3, 3): 0.81052662
334	(3, 3): 0.812121475
335	(3, 3): 0.809896636
336	(3, 3): 0.808057184
337	(3, 3): 0.808417564
338	(3, 3): 0.80839702
339	(3, 3): 0.808290873
340	(3, 3): 0.810065863
341	(3, 3): 0.808653747
342	(3, 3): 0.80927969
343	(3, 3): 0.812520541
344	(3, 3): 0.821555478
345	(3, 3): 0.827404276
346	(3, 3): 0.82483173
347	(3, 3): 0.832197065
348	(3, 3): 0.815132642
349	(3, 3): 0.818070679
350	(3, 3): 0.829188599
351	(3, 3): 0.82213777
352	(3, 3): 0.818954052
353	(3, 3): 0.810978578
354	(3, 3): 0.810163892
355	(3, 3): 0.811568883
356	(3, 3): 0.813921961
357	(3, 3): 0.815287549
358	(3, 3): 0.816912469
359	(3, 3): 0.813962112
360	(3, 3): 0.819278214
361	(3, 3): 0.811714068
362	(3, 3): 0.814568272
363	(3, 3): 0.816277126
364	(3, 3): 0.813517968
365	(3, 3): 0.813279315
366	(3, 3): 0.813219522
367	(3, 3): 0.813313389
368	(3, 3): 0.812164128
369	(3, 3): 0.815330461
370	(3, 3): 0.814305099
371	(3, 3): 0.812864243
372	(3, 3): 0.811812002
373	(3, 3): 0.813230269
374	(3, 3): 0.81996486
375	(3, 3): 0.821181858
376	(3, 3): 0.830404181
377	(3, 3): 0.820804898
378	(3, 3): 0.823814251
379	(3, 3): 0.815126308
380	(3, 3): 0.814550379
381	(3, 3): 0.812242909
382	(3, 3): 0.812250114
383	(3, 3): 0.812588167
384	(3, 3): 0.81187694
385	(3, 3): 0.813570581
386	(3, 3): 0.812697717
387	(3, 3): 0.811104847
388	(3, 3): 0.813283765
389	(3, 3): 0.814559134
390	(3, 3): 0.813088166
391	(3, 3): 0.811118831
392	(3, 3): 0.811432667
393	(3, 3): 0.812793802
394	(3, 3): 0.813548031
395	(3, 3): 0.813163534
396	(3, 3): 0.813488609
397	(3, 3): 0.817557622
398	(3, 3): 0.831299235
399	(3, 3): 0.816567839
400	(3, 3): 0.812233855
401	(3, 3): 0.812952042
402	(3, 3): 0.812382908
403	(3, 3): 0.811904311
404	(3, 3): 0.810565899
405	(3, 3): 0.811193612
406	(3, 3): 0.810027517
407	(3, 3): 0.809298905
408	(3, 3): 0.809116674
409	(3, 3): 0.810830253
410	(3, 3): 0.810359253
411	(3, 3): 0.810452414
412	(3, 3): 0.810750839
413	(3, 3): 0.811908575
414	(3, 3): 0.813707171
415	(3, 3): 0.81315203
416	(3, 3): 0.811328957
417	(3, 3): 0.810554745
418	(3, 3): 0.812167078
419	(3, 3): 0.810126899
420	(3, 3): 0.81043539
421	(3, 3): 0.808744167
422	(3, 3): 0.808508825
423	(3, 3): 0.809679035
424	(3, 3): 0.808738678
425	(3, 3): 0.809128853
426	(3, 3): 0.809522588
427	(3, 3): 0.809242031
428	(3, 3): 0.809892441
429	(3, 3): 0.810251322
430	(3, 3): 0.809930703
431	(3, 3): 0.810183062
432	(3, 3): 0.811236091
433	(3, 3): 0.812688382
434	(3, 3): 0.812181159
435	(3, 3): 0.81153969
436	(3, 3): 0.81065754
437	(3, 3): 0.811612405
438	(3, 3): 0.811145738
439	(3, 3): 0.811572521
440	(3, 3): 0.81289465
441	(3, 3): 0.811971243
442	(3, 3): 0.811110829
443	(3, 3): 0.811111571
444	(3, 3): 0.814339513
445	(3, 3): 0.812809627
446	(3, 3): 0.815933001
447	(3, 3): 0.812728507
448	(3, 3): 0.812335494
449	(3, 3): 0.811698508
450	(3, 3): 0.81142063
451	(3, 3): 0.811440171
452	(3, 3): 0.817961514
453	(3, 3): 0.836312005
454	(3, 3): 0.813628865
455	(3, 3): 0.810775993
456	(3, 3): 0.810386727
457	(3, 3): 0.811002206
458	(3, 3): 0.811260185
459	(3, 3): 0.812907885
460	(3, 3): 0.810256864
461	(3, 3): 0.811645115
462	(3, 3): 0.813932058
463	(3, 3): 0.812023313
464	(3, 3): 0.812716605
465	(3, 3): 0.81412508
466	(3, 3): 0.813043329
467	(3, 3): 0.814612865
468	(3, 3): 0.815857916
469	(3, 3): 0.811817267
470	(3, 3): 0.809905694
471	(3, 3): 0.810238648
472	(3, 3): 0.809466149
473	(3, 3): 0.811469904
474	(3, 3): 0.813022732
475	(3, 3): 0.813351372
476	(3, 3): 0.81255639
477	(3, 3): 0.811709209
478	(3, 3): 0.812029514
479	(3, 3): 0.81314699
480	(3, 3): 0.810127215
481	(3, 3): 0.810094341
482	(3, 3): 0.809356422
483	(3, 3): 0.81121616
484	(3, 3): 0.808016387
485	(3, 3): 0.808802322
486	(3, 3): 0.80868086
487	(3, 3): 0.808129972
488	(3, 3): 0.808542462
489	(3, 3): 0.809343316
490	(3, 3): 0.810239985
491	(3, 3): 0.810438805
492	(3, 3): 0.812697701
493	(3, 3): 0.816307157
494	(3, 3): 0.816319536
495	(3, 3): 0.812882025
496	(3, 3): 0.815758585
497	(3, 3): 0.812921128
498	(3, 3): 0.812248278
499	(3, 3): 0.813123076
500	(3, 3): 0.814183694
501	(3, 3): 0.813643234
502	(3, 3): 0.821416809
503	(3, 3): 0.828274253
504	(3, 3): 0.814811875
505	(3, 3): 0.820498691
506	(3, 3): 0.81543893
507	(3, 3): 0.814035673
508	(3, 3): 0.814667933
509	(3, 3): 0.839312461
510	(3, 3): 0.816397649
511	(3, 3): 0.81683417
512	(3, 3): 0.810817896
513	(3, 3): 0.812388105
514	(3, 3): 0.812286324
515	(3, 3): 0.814323662
516	(3, 3): 0.815982888
517	(3, 3): 0.813122733
518	(3, 3): 0.81651505
519	(3, 3): 0.8158703
520	(3, 3): 0.818109099
521	(3, 3): 0.819033194
522	(3, 3): 0.81222291
523	(3, 3): 0.811835189
524	(3, 3): 0.811271617
525	(3, 3): 0.812643573
526	(3, 3): 0.816322893
527	(3, 3): 0.817347143
528	(3, 3): 0.812587077
529	(3, 3): 0.812503187
530	(3, 3): 0.812775249
531	(3, 3): 0.81145473
532	(3, 3): 0.811365925
533	(3, 3): 0.812093391
534	(3, 3): 0.812580564
535	(3, 3): 0.810604874
536	(3, 3): 0.809813214
537	(3, 3): 0.809463249
538	(3, 3): 0.807666453
539	(3, 3): 0.807883035
540	(3, 3): 0.809360854
541	(3, 3): 0.807504277
542	(3, 3): 0.808280069
543	(3, 3): 0.807456532
544	(3, 3): 0.806784166
545	(3, 3): 0.805353117
546	(3, 3): 0.807845236
547	(3, 3): 0.809901348
548	(3, 3): 0.807653618
549	(3, 3): 0.806123012
550	(3, 3): 0.806396629
551	(3, 3): 0.809260975
552	(3, 3): 0.810495203
553	(3, 3): 0.809389566
554	(3, 3): 0.810567023
555	(3, 3): 0.809978543
556	(3, 3): 0.811337168
557	(3, 3): 0.811678506
558	(3, 3): 0.811159791
559	(3, 3): 0.810943788
560	(3, 3): 0.808427495
561	(3, 3): 0.807349784
562	(3, 3): 0.807783478
563	(3, 3): 0.809987163
564	(3, 3): 0.811995361
565	(3, 3): 0.810452175
566	(3, 3): 0.809414335
567	(3, 3): 0.808712099
568	(3, 3): 0.809235427
569	(3, 3): 0.810240376
570	(3, 3): 0.807987388
571	(3, 3): 0.808555856
572	(3, 3): 0.808594881
573	(3, 3): 0.808101221
574	(3, 3): 0.811101281
575	(3, 3): 0.810639235
576	(3, 3): 0.812047427
577	(3, 3): 0.81277809
578	(3, 3): 0.816047813
579	(3, 3): 0.813812384
580	(3, 3): 0.812088096
581	(3, 3): 0.811275045
582	(3, 3): 0.810075947
583	(3, 3): 0.809694537
584	(3, 3): 0.810280512
585	(3, 3): 0.810304364
586	(3, 3): 0.8100077
587	(3, 3): 0.809610813
588	(3, 3): 0.808633209
589	(3, 3): 0.810471846
590	(3, 3): 0.810998382
591	(3, 3): 0.809025671
592	(3, 3): 0.809264
593	(3, 3): 0.808281741
594	(3, 3): 0.804910452
595	(3, 3): 0.803265364
596	(3, 3): 0.803243439
597	(3, 3): 0.803081526
598	(3, 3): 0.803777136
599	(3, 3): 0.803806209
600	(3, 3): 0.80389323
601	(3, 3): 0.801865855
602	(3, 3): 0.803037904
603	(3, 3): 0.803667339
604	(3, 3): 0.805196601
605	(3, 3): 0.804601602
606	(3, 3): 0.80424879
607	(3, 3): 0.8049229
608	(3, 3): 0.805705354
609	(3, 3): 0.804809166
610	(3, 3): 0.805689323
611	(3, 3): 0.804254447
612	(3, 3): 0.804637127
613	(3, 3): 0.805311855
614	(3, 3): 0.803417328
615	(3, 3): 0.802954949
616	(3, 3): 0.80134015
617	(3, 3): 0.80168122
618	(3, 3): 0.80495233
619	(3, 3): 0.804331617
620	(3, 3): 0.806474872
621	(3, 3): 0.803915367
622	(3, 3): 0.803786015
623	(3, 3): 0.806050272
624	(3, 3): 0.801685429
625	(3, 3): 0.804628846
626	(3, 3): 0.804130549
627	(3, 3): 0.807254486
628	(3, 3): 0.808513964
629	(3, 3): 0.808354815
630	(3, 3): 0.806507581
631	(3, 3): 0.808464261
632	(3, 3): 0.808821179
633	(3, 3): 0.8089262
634	(3, 3): 0.811243789
635	(3, 3): 0.811750165
636	(3, 3): 0.809954565
637	(3, 3): 0.809173902
638	(3, 3): 0.8084456
639	(3, 3): 0.808986479
640	(3, 3): 0.808987424
641	(3, 3): 0.808433282
642	(3, 3): 0.806947976
643	(3, 3): 0.806216887
644	(3, 3): 0.805251138
645	(3, 3): 0.805939593
646	(3, 3): 0.805667891
647	(3, 3): 0.805819436
648	(3, 3): 0.807232182
649	(3, 3): 0.804300806
650	(3, 3): 0.803031975
651	(3, 3): 0.80293343
652	(3, 3): 0.804294409
653	(3, 3): 0.804472085
654	(3, 3): 0.806644995
655	(3, 3): 0.805615232
656	(3, 3): 0.806953034
657	(3, 3): 0.807345724
658	(3, 3): 0.809211821
659	(3, 3): 0.809848345
660	(3, 3): 0.810499454
661	(3, 3): 0.813121516
662	(3, 3): 0.811870089
663	(3, 3): 0.813034084
664	(3, 3): 0.813823262
665	(3, 3): 0.81161208
666	(3, 3): 0.812227416
667	(3, 3): 0.813914597
668	(3, 3): 0.811277916
669	(3, 3): 0.811328278
670	(3, 3): 0.81116959
671	(3, 3): 0.810873491
672	(3, 3): 0.810199337
673	(3, 3): 0.810336613
674	(3, 3): 0.811897732
675	(3, 3): 0.811234154
676	(3, 3): 0.810436047
677	(3, 3): 0.811137238
678	(3, 3): 0.810920211
679	(3, 3): 0.811436466
680	(3, 3): 0.813128537
681	(3, 3): 0.81444438
682	(3, 3): 0.811112639
683	(3, 3): 0.811595534
684	(3, 3): 0.811142549
685	(3, 3): 0.811972803
686	(3, 3): 0.816330561
687	(3, 3): 0.812676994
688	(3, 3): 0.810732608
689	(3, 3): 0.811396183
690	(3, 3): 0.810661476
691	(3, 3): 0.812035077
692	(3, 3): 0.809969651
693	(3, 3): 0.811376618
694	(3, 3): 0.810127722
695	(3, 3): 0.809304945
696	(3, 3): 0.807470594
697	(3, 3): 0.8058315
698	(3, 3): 0.8050195
699	(3, 3): 0.804549314
700	(3, 3): 0.805489672
701	(3, 3): 0.80432224
702	(3, 3): 0.804434312
703	(3, 3): 0.801610401
704	(3, 3): 0.802758605
705	(3, 3): 0.801967724
706	(3, 3): 0.80152921
707	(3, 3): 0.804497345
708	(3, 3): 0.805407907
709	(3, 3): 0.805773309
710	(3, 3): 0.805090601
711	(3, 3): 0.807527586
712	(3, 3): 0.807811909
713	(3, 3): 0.807850969
714	(3, 3): 0.805636198
715	(3, 3): 0.807786731
716	(3, 3): 0.809324785
717	(3, 3): 0.810528925
718	(3, 3): 0.811086196
719	(3, 3): 0.811334457
720	(3, 3): 0.807978941
721	(3, 3): 0.808150876
722	(3, 3): 0.806537155
723	(3, 3): 0.806539527
724	(3, 3): 0.807731583
725	(3, 3): 0.807319877
726	(3, 3): 0.807516651
727	(3, 3): 0.80522676
728	(3, 3): 0.805588528
729	(3, 3): 0.803113058
730	(3, 3): 0.802814617
731	(3, 3): 0.807437021
732	(3, 3): 0.806779325
733	(3, 3): 0.807539445
734	(3, 3): 0.804573746
735	(3, 3): 0.802889448
736	(3, 3): 0.801672852
737	(3, 3): 0.803840925
738	(3, 3): 0.804249978
739	(3, 3): 0.802217072
740	(3, 3): 0.803690938
741	(3, 3): 0.802285917
742	(3, 3): 0.801154577
743	(3, 3): 0.802277907
744	(3, 3): 0.801029526
745	(3, 3): 0.801830676
746	(3, 3): 0.80162005
747	(3, 3): 0.803250313
748	(3, 3): 0.804762311
749	(3, 3): 0.804893581
750	(3, 3): 0.803386642
751	(3, 3): 0.803176001
752	(3, 3): 0.804494571
753	(3, 3): 0.80465373
754	(3, 3): 0.80548723
755	(3, 3): 0.8070214
756	(3, 3): 0.805854515
757	(3, 3): 0.804803894
758	(3, 3): 0.805904334
759	(3, 3): 0.805354932
760	(3, 3): 0.804085534
761	(3, 3): 0.803873221
762	(3, 3): 0.804937307
763	(3, 3): 0.804748094
764	(3, 3): 0.805930016
765	(3, 3): 0.806673062
766	(3, 3): 0.806991156
767	(3, 3): 0.810630277
768	(3, 3): 0.812599491
769	(3, 3): 0.815818142
770	(3, 3): 0.832122043
771	(3, 3): 0.829422332
772	(3, 3): 0.812494584
773	(3, 3): 0.811271842
774	(3, 3): 0.814287577
775	(3, 3): 0.813345298
776	(3, 3): 0.812347014
777	(3, 3): 0.815038876
778	(3, 3): 0.817313344
779	(3, 3): 0.812974505
780	(3, 3): 0.811957009
781	(3, 3): 0.812881148
782	(3, 3): 0.812030215
783	(3, 3): 0.813567863
784	(3, 3): 0.815867524
785	(3, 3): 0.813669026
786	(3, 3): 0.809772386
787	(3, 3): 0.811386566
788	(3, 3): 0.813613583
789	(3, 3): 0.813251442
790	(3, 3): 0.812673802
791	(3, 3): 0.813805057
792	(3, 3): 0.810897622
793	(3, 3): 0.810642064
794	(3, 3): 0.812407839
795	(3, 3): 0.812292211
796	(3, 3): 0.809929214
797	(3, 3): 0.810989167
798	(3, 3): 0.812607765
799	(3, 3): 0.812136483
800	(3, 3): 0.810993948
801	(3, 3): 0.811418748
802	(3, 3): 0.812614371
803	(3, 3): 0.837134447
804	(3, 3): 0.815911199
805	(3, 3): 0.827345956
806	(3, 3): 0.816032904
807	(3, 3): 0.83114986
808	(3, 3): 0.81511584
809	(3, 3): 0.813471188
810	(3, 3): 0.8137953
811	(3, 3): 0.812911712
812	(3, 3): 0.836215225
813	(3, 3): 0.817831051
814	(3, 3): 0.81979911
815	(3, 3): 0.815776634
816	(3, 3): 0.815785143
817	(3, 3): 0.813575655
818	(3, 3): 0.810516602
819	(3, 3): 0.80978162
820	(3, 3): 0.810009675
821	(3, 3): 0.808495937
822	(3, 3): 0.807800192
823	(3, 3): 0.809290717
824	(3, 3): 0.808861552
825	(3, 3): 0.807073041
826	(3, 3): 0.803211427
827	(3, 3): 0.801352329
828	(3, 3): 0.802368186
829	(3, 3): 0.801529852
830	(3, 3): 0.800909283
831	(3, 3): 0.802769592
832	(3, 3): 0.805307524
833	(3, 3): 0.806681826
834	(3, 3): 0.805346016
835	(3, 3): 0.808683994
836	(3, 3): 0.808439119
837	(3, 3): 0.807111589
838	(3, 3): 0.806804738
839	(3, 3): 0.807497069
840	(3, 3): 0.807321019
841	(3, 3): 0.808498062
842	(3, 3): 0.80972491
843	(3, 3): 0.809397247
844	(3, 3): 0.811095865
845	(3, 3): 0.810243265
846	(3, 3): 0.811921561
847	(3, 3): 0.81224943
848	(3, 3): 0.811262191
849	(3, 3): 0.826473266
850	(3, 3): 0.820318009
851	(3, 3): 0.813290663
852	(3, 3): 0.817516279
853	(3, 3): 0.817948287
854	(3, 3): 0.819590985
855	(3, 3): 0.816957221
856	(3, 3): 0.819899999
857	(3, 3): 0.814136425
858	(3, 3): 0.811337047
859	(3, 3): 0.811560929
860	(3, 3): 0.810265576
861	(3, 3): 0.810719496
862	(3, 3): 0.810257021
863	(3, 3): 0.811092245
864	(3, 3): 0.812516547
865	(3, 3): 0.820480541
866	(3, 3): 0.816120265
867	(3, 3): 0.819735849
868	(3, 3): 0.818031009
869	(3, 3): 0.812390729
870	(3, 3): 0.811341492
871	(3, 3): 0.812316489
872	(3, 3): 0.817175695
873	(3, 3): 0.814379482
874	(3, 3): 0.812331184
875	(3, 3): 0.812278962
876	(3, 3): 0.811388497
877	(3, 3): 0.812033569
878	(3, 3): 0.810749775
879	(3, 3): 0.809317722
880	(3, 3): 0.807193203
881	(3, 3): 0.807706365
882	(3, 3): 0.80757855
883	(3, 3): 0.807169002
884	(3, 3): 0.806962709
885	(3, 3): 0.808323636
886	(3, 3): 0.809537333
887	(3, 3): 0.809007955
888	(3, 3): 0.811036127
889	(3, 3): 0.810957433
890	(3, 3): 0.812442691
891	(3, 3): 0.811057766
892	(3, 3): 0.811452562
893	(3, 3): 0.811579416
894	(3, 3): 0.811957973
895	(3, 3): 0.811861015
896	(3, 3): 0.809769362
897	(3, 3): 0.810842661
898	(3, 3): 0.810624729
899	(3, 3): 0.80996922
900	(3, 3): 0.809153179
901	(3, 3): 0.810428717
902	(3, 3): 0.812020538
903	(3, 3): 0.812952307
904	(3, 3): 0.819829073
905	(3, 3): 0.811501921
906	(3, 3): 0.811150983
907	(3, 3): 0.812459852
908	(3, 3): 0.819842004
909	(3, 3): 0.818968957
910	(3, 3): 0.826299205
911	(3, 3): 0.824439147
912	(3, 3): 0.830093999
913	(3, 3): 0.817780269
914	(3, 3): 0.813202484
915	(3, 3): 0.811484977
916	(3, 3): 0.811200541
917	(3, 3): 0.810611704
918	(3, 3): 0.811334912
919	(3, 3): 0.809560015
920	(3, 3): 0.809899
921	(3, 3): 0.809288053
922	(3, 3): 0.809592669
923	(3, 3): 0.809802314
924	(3, 3): 0.807327704
925	(3, 3): 0.805020785
926	(3, 3): 0.804899876
927	(3, 3): 0.804868702
928	(3, 3): 0.80129484
929	(3, 3): 0.801877039
930	(3, 3): 0.800428354
931	(3, 3): 0.801680731
932	(3, 3): 0.806211974
933	(3, 3): 0.807871892
934	(3, 3): 0.811303935
935	(3, 3): 0.81070789
936	(3, 3): 0.810739488
937	(3, 3): 0.81084814
938	(3, 3): 0.810449697
939	(3, 3): 0.809826265
940	(3, 3): 0.809294814
941	(3, 3): 0.809926559
942	(3, 3): 0.812946196
943	(3, 3): 0.81336578
944	(3, 3): 0.814210029
945	(3, 3): 0.812515575
946	(3, 3): 0.813122949
947	(3, 3): 0.81278237
948	(3, 3): 0.815900865
949	(3, 3): 0.817390554
950	(3, 3): 0.811118743
951	(3, 3): 0.810750314
952	(3, 3): 0.81024066
953	(3, 3): 0.810539286
954	(3, 3): 0.81270981
955	(3, 3): 0.810329359
956	(3, 3): 0.810213655
957	(3, 3): 0.810194613
958	(3, 3): 0.808893698
959	(3, 3): 0.80776841
960	(3, 3): 0.809045281
961	(3, 3): 0.809673017
962	(3, 3): 0.80855018
963	(3, 3): 0.809473545
964	(3, 3): 0.80827846
965	(3, 3): 0.809056609
966	(3, 3): 0.809983871
967	(3, 3): 0.80933217
968	(3, 3): 0.807845485
969	(3, 3): 0.806909042
970	(3, 3): 0.80638957
971	(3, 3): 0.807165932
972	(3, 3): 0.803663461
973	(3, 3): 0.80411491
974	(3, 3): 0.80333266
975	(3, 3): 0.803797212
976	(3, 3): 0.80523714
977	(3, 3): 0.806890624
978	(3, 3): 0.806836852
979	(3, 3): 0.808294538
980	(3, 3): 0.807749868
981	(3, 3): 0.809225942
982	(3, 3): 0.810943756
983	(3, 3): 0.81203563
984	(3, 3): 0.812691455
985	(3, 3): 0.821329144
986	(3, 3): 0.820670001
987	(3, 3): 0.813098352
988	(3, 3): 0.815326045
989	(3, 3): 0.819257479
990	(3, 3): 0.822354544
991	(3, 3): 0.826964866
992	(3, 3): 0.816333627
993	(3, 3): 0.819647178
994	(3, 3): 0.82882401
995	(3, 3): 0.82139936
996	(3, 3): 0.823025413
997	(3, 3): 0.830868983
998	(3, 3): 0.832063692
999	(3, 3): 0.812109479
1000	(3, 3): 0.812130159
